1.000000 0.000000
0.998795 0.049068
0.995185 0.098017
0.989177 0.146730
0.980785 0.195090
0.970031 0.242980
0.956940 0.290285
0.941544 0.336890
0.923880 0.382683
0.903989 0.427555
0.881921 0.471397
0.857729 0.514103
0.831470 0.555570
0.803208 0.595699
0.773010 0.634393
0.740951 0.671559
0.707107 0.707107
0.671559 0.740951
0.634393 0.773010
0.595699 0.803208
0.555570 0.831470
0.514103 0.857729
0.471397 0.881921
0.427555 0.903989
0.382683 0.923880
0.336890 0.941544
0.290285 0.956940
0.242980 0.970031
0.195090 0.980785
0.146730 0.989177
0.098017 0.995185
0.049068 0.998795
0.000000 1.000000
-0.049068 0.998795
-0.098017 0.995185
-0.146730 0.989177
-0.195090 0.980785
-0.242980 0.970031
-0.290285 0.956940
-0.336890 0.941544
-0.382683 0.923880
-0.427555 0.903989
-0.471397 0.881921
-0.514103 0.857729
-0.555570 0.831470
-0.595699 0.803208
-0.634393 0.773010
-0.671559 0.740951
-0.707107 0.707107
-0.740951 0.671559
-0.773010 0.634393
-0.803208 0.595699
-0.831470 0.555570
-0.857729 0.514103
-0.881921 0.471397
-0.903989 0.427555
-0.923880 0.382683
-0.941544 0.336890
-0.956940 0.290285
-0.970031 0.242980
-0.980785 0.195090
-0.989177 0.146730
-0.995185 0.098017
-0.998795 0.049068
-1.000000 0.000000
-0.998795 -0.049068
-0.995185 -0.098017
-0.989177 -0.146730
-0.980785 -0.195090
-0.970031 -0.242980
-0.956940 -0.290285
-0.941544 -0.336890
-0.923880 -0.382683
-0.903989 -0.427555
-0.881921 -0.471397
-0.857729 -0.514103
-0.831470 -0.555570
-0.803208 -0.595699
-0.773010 -0.634393
-0.740951 -0.671559
-0.707107 -0.707107
-0.671559 -0.740951
-0.634393 -0.773010
-0.595699 -0.803208
-0.555570 -0.831470
-0.514103 -0.857729
-0.471397 -0.881921
-0.427555 -0.903989
-0.382683 -0.923880
-0.336890 -0.941544
-0.290285 -0.956940
-0.242980 -0.970031
-0.195090 -0.980785
-0.146730 -0.989177
-0.098017 -0.995185
-0.049068 -0.998795
-0.000000 -1.000000
0.049068 -0.998795
0.098017 -0.995185
0.146730 -0.989177
0.195090 -0.980785
0.242980 -0.970031
0.290285 -0.956940
0.336890 -0.941544
0.382683 -0.923880
0.427555 -0.903989
0.471397 -0.881921
0.514103 -0.857729
0.555570 -0.831470
0.595699 -0.803208
0.634393 -0.773010
0.671559 -0.740951
0.707107 -0.707107
0.740951 -0.671559
0.773010 -0.634393
0.803208 -0.595699
0.831470 -0.555570
0.857729 -0.514103
0.881921 -0.471397
0.903989 -0.427555
0.923880 -0.382683
0.941544 -0.336890
0.956940 -0.290285
0.970031 -0.242980
0.980785 -0.195090
0.989177 -0.146730
0.995185 -0.098017
0.998795 -0.049068
