100000000 0
99879544 4906767
99518471 9801714
98917651 14673046
98078525 19509032
97003126 24298018
95694035 29028466
94154405 33688986
92387950 38268342
90398931 42755508
88192129 47139674
85772860 51410275
83146959 55557024
80320751 59569931
77301043 63439327
74095112 67155897
70710676 70710676
67155897 74095112
63439327 77301043
59569931 80320751
55557024 83146959
51410275 85772860
47139674 88192129
42755508 90398931
38268342 92387950
33688986 94154405
29028466 95694035
24298018 97003126
19509032 98078525
14673046 98917651
9801714 99518471
4906767 99879544
0 100000000
-4906767 99879544
-9801714 99518471
-14673046 98917651
-19509032 98078525
-24298018 97003126
-29028466 95694035
-33688986 94154405
-38268342 92387950
-42755508 90398931
-47139674 88192129
-51410275 85772860
-55557024 83146959
-59569931 80320751
-63439327 77301043
-67155897 74095112
-70710676 70710676
-74095112 67155897
-77301043 63439327
-80320751 59569931
-83146959 55557024
-85772860 51410275
-88192129 47139674
-90398931 42755508
-92387950 38268342
-94154405 33688986
-95694035 29028466
-97003126 24298018
-98078525 19509032
-98917651 14673046
-99518471 9801714
-99879544 4906767
-100000000 0
-99879544 -4906767
-99518471 -9801714
-98917651 -14673046
-98078525 -19509032
-97003126 -24298018
-95694035 -29028466
-94154405 -33688986
-92387950 -38268342
-90398931 -42755508
-88192129 -47139674
-85772860 -51410275
-83146959 -55557024
-80320751 -59569931
-77301043 -63439327
-74095112 -67155897
-70710676 -70710676
-67155897 -74095112
-63439327 -77301043
-59569931 -80320751
-55557024 -83146959
-51410275 -85772860
-47139674 -88192129
-42755508 -90398931
-38268342 -92387950
-33688986 -94154405
-29028466 -95694035
-24298018 -97003126
-19509032 -98078525
-14673046 -98917651
-9801714 -99518471
-4906767 -99879544
0 -100000000
4906767 -99879544
9801714 -99518471
14673046 -98917651
19509032 -98078525
24298018 -97003126
29028466 -95694035
33688986 -94154405
38268342 -92387950
42755508 -90398931
47139674 -88192129
51410275 -85772860
55557024 -83146959
59569931 -80320751
63439327 -77301043
67155897 -74095112
70710676 -70710676
74095112 -67155897
77301043 -63439327
80320751 -59569931
83146959 -55557024
85772860 -51410275
88192129 -47139674
90398931 -42755508
92387950 -38268342
94154405 -33688986
95694035 -29028466
97003126 -24298018
98078525 -19509032
98917651 -14673046
99518471 -9801714
99879544 -4906767
