0 0 0 0 0
0 0 0 0 0
0 0 0 0 0
0 0 0 0 0
0 0 0 0 0
0 0 0 0 0
0 0 0 0 0
0 0 0 0 0
0 0 0 0 0
0 0 0 0 0
0 0 0 0 0
0 0 0 0 0
0 0 0 0 0
0 0 0 0 0
0 0 0 0 0
0 0 0 0 0
0 0 0 0 0
0 0 0 0 0
0 0 0 0 0
0 0 0 0 0
0 0 0 0 0
0 0 0 0 0
-4587 -3865 -4669 -5202 -5885
8771 9210 8903 8422 8758
-8167 -7087 -7579 -6797 -6820
-6054 -3976 -3812 -4385 -5093
7692 6907 6801 6605 8436
9479 6128 7754 7852 8321
-10075 -9423 -8620 -11366 -11706
12882 14132 12157 14216 12085
7311 10232 9914 10885 9890
-4371 -3071 -5384 -4433 -4974
-10395 -10981 -9717 -11025 -10158
16065 13613 14453 14906 15022
-11535 -11297 -10730 -11683 -13530
-1536 -4228 -1857 -2309 -3534
-8242 -9810 -9713 -8223 -9740
-8806 -11701 -13003 -11890 -9707
-14781 -14273 -15142 -14723 -13224
-8780 -7612 -5936 -8174 -7396
9483 10755 11538 11560 11113
-13049 -13142 -13622 -12694 -12978
160 -143 779 -8 2478
7566 6519 8407 10503 9460
3579 3783 3621 5081 8182
4883 3988 5549 3435 3741
9457 9818 9434 11692 11810
10761 8909 11174 11179 8926
-11851 -9814 -10017 -11212 -13002
-4892 -1965 -4538 -2228 -3047
-8506 -7270 -5554 -8332 -7973
-7048 -8039 -7668 -9690 -10142
4402 840 3353 5038 3930
-11664 -9235 -8965 -8831 -9750
9629 8699 6367 8282 8088
3875 1690 3007 2672 4954
-3667 -8216 -6307 -6371 -9273
6278 1843 3618 173 3285
4101 8542 6312 7564 8182
8440 8127 8445 11906 7042
8907 5391 10046 9303 7067
-5975 -8357 -9233 -7208 -8003
5235 7845 5830 6444 544
10701 10781 9770 9676 10656
-10828 -9093 -7368 -9647 -10288
-12726 -10686 -10405 -7970 -9661
586 -461 1282 1890 -2048
-9371 -11567 -9356 -10892 -6274
18256 17873 15753 15538 16608
20373 22148 19775 20595 22289
17265 19284 19040 20478 16601
15838 15024 12105 11569 14538
-29002 -31751 -30707 -31358 -33014
-36306 -36193 -36290 -35758 -37497
15471 15501 14167 13040 11683
-19054 -18914 -17966 -17266 -19580
37167 37793 34675 36627 35936
30077 32721 26886 30005 30702
17316 16899 17296 18423 16994
45256 43326 47154 46192 46004
-29181 -30274 -29244 -30290 -29160
-814 -1625 -302 1592 344
47244 48642 46803 44591 46811
-474 1272 2503 -519 -2481
51155 50915 50951 50306 49832
-44408 -43865 -43844 -44973 -46588
50909 52894 54862 53074 53111
-11275 -10609 -13746 -12479 -11445
39821 40669 40557 38170 40465
19788 17100 16458 18823 17008
-45180 -45744 -45080 -46455 -42225
-16488 -17422 -17855 -16966 -16677
-39135 -38732 -38810 -41353 -40629
-1754 -4675 -3726 -4778 -4844
-54304 -56747 -56938 -56005 -56565
-32453 -29309 -31169 -30096 -32743
-75548 -74737 -73794 -73856 -73869
33646 30103 32611 32219 29799
-82627 -82092 -82695 -80500 -82744
78524 78512 75932 79905 79496
84627 85175 82873 82959 87305
-4977 -10173 -8848 -9567 -8530
66110 65372 66562 67162 64445
-84185 -84387 -81314 -85537 -86018
80228 79949 78455 80043 77887
-77031 -78403 -80612 -78561 -77507
65742 64997 65133 65504 64913
88529 86381 87543 86889 88840
-81970 -82578 -82867 -83491 -81394
-58020 -58153 -56234 -59137 -57635
86303 83811 85544 84071 86325
-16628 -16306 -17874 -16925 -15635
-29156 -30576 -31949 -30560 -31390
658 -4535 -3147 -1331 -4208
-11495 -14284 -11362 -13302 -13275
18133 16946 18059 20774 15560
-19713 -21495 -21692 -20641 -20747
-65647 -61917 -67750 -67307 -66872
39805 42131 42481 41864 43410
-129202 -126965 -130661 -130403 -125633
119199 118930 117313 119606 117625
69150 69262 69524 67968 69656
-102478 -101918 -102174 -100931 -99792
-22432 -23920 -25022 -25600 -24288
134964 134457 133157 135769 131976
125151 124190 122565 125406 125281
49884 50685 51522 52300 51383
-115403 -113782 -114792 -113356 -112705
121362 120513 121902 117451 119186
-148355 -146769 -148000 -145168 -148131
97556 99432 98458 98290 96405
-156467 -151201 -154768 -153114 -153516
155038 153941 155394 154389 155119
-62373 -63814 -63219 -62364 -62680
98012 99815 96983 95963 97573
-92527 -91891 -93380 -92816 -90829
43430 44222 43774 41797 45198
173891 170933 172289 170369 170993
-26871 -24024 -30208 -27166 -25936
-177768 -178976 -176044 -176590 -178672
176606 177974 176827 178703 177081
-159269 -159092 -159747 -160015 -156806
-178169 -180630 -180133 -179150 -177850
-95445 -95830 -96963 -95606 -95485
-57318 -54952 -54335 -56891 -56276
182812 182344 182090 182406 181404
-175952 -171099 -172170 -173917 -171934
-17604 -18001 -13834 -18724 -14883
181799 183729 184069 182260 182625
-82996 -84444 -81082 -83157 -80434
-194377 -193765 -193517 -194811 -194692
1560 3559 1899 3173 2268
174315 174482 174774 173002 171938
-83302 -82515 -85747 -83702 -84486
52254 50678 50711 50605 50372
-132029 -132180 -133376 -134547 -134696
-145233 -143833 -144094 -145180 -147163
-190538 -190382 -189990 -189510 -191708
196683 195274 195583 196018 195614
-165787 -167099 -166288 -164926 -168729
-133951 -133265 -133127 -136748 -133599
198478 199393 198968 200322 198410
200510 197762 194604 200624 197693
-164719 -169229 -165942 -166258 -164566
-189978 -190038 -190089 -189710 -191156
-202524 -198186 -201722 -202117 -201867
87492 88472 90092 90623 89248
154134 152232 150306 154610 149954
197170 195189 192022 195861 196795
87207 83273 81018 86637 82959
24562 25848 26451 26662 24942
-60745 -60653 -58603 -61230 -60349
163180 158498 162688 161294 160514
152907 152590 148236 150308 150533
203513 198587 201126 202827 199950
133591 134345 134623 135807 133328
162080 162740 159364 161419 162793
204933 201553 200754 204606 201484
-114885 -113483 -114500 -113087 -110921
-195677 -194674 -193353 -196034 -194908
-30065 -25843 -26536 -27437 -27515
-17747 -15967 -15454 -16390 -18485
-146442 -142992 -148313 -147272 -145373
205960 207464 206809 205863 205350
196116 196670 193705 198237 196041
138679 136279 136965 138966 139256
-94446 -96413 -95440 -94024 -97126
-13126 -13540 -13899 -14219 -12920
-10752 -12841 -10426 -13122 -12059
149087 153235 153463 151461 150264
179033 176267 180408 180491 179311
-209263 -207575 -209216 -207673 -207361
-213735 -213503 -212021 -209818 -211259
-209189 -204591 -204923 -207903 -206218
202603 201677 204113 205092 205655
99549 98366 98692 100255 99623
172942 170192 172644 173528 172655
27548 24305 28026 26358 24440
-110108 -109246 -107671 -108085 -108653
-195926 -194969 -195917 -197745 -197154
178695 180686 179225 182317 177165
-203333 -201448 -202959 -202740 -199658
-158070 -158091 -152492 -156236 -155200
131821 131300 134606 134843 131832
-140352 -139110 -138527 -138110 -137398
-133544 -131168 -132635 -134199 -134747
39375 42447 39799 40407 39280
-48294 -48529 -46958 -50255 -46929
186995 182415 184108 183812 182795
-193048 -193154 -192307 -189799 -194929
-73332 -66965 -72560 -71867 -69137
-195410 -196131 -193662 -197573 -193618
96445 98488 98291 98945 97633
-75286 -72956 -72698 -76288 -74877
143109 140407 145680 143117 145990
181995 180937 185129 186637 181392
-120335 -116943 -116478 -114445 -118000
-141976 -140914 -139475 -139352 -141110
-176645 -173931 -178371 -175415 -177846
60451 63539 59737 58323 60733
126896 126792 124825 121646 125928
-64275 -60225 -59938 -58355 -61297
163533 165357 166479 165369 161593
68199 68690 68809 69069 68206
-111799 -113446 -112347 -116540 -117687
-188374 -190483 -185937 -188446 -187718
-183830 -183062 -186618 -184342 -184585
26493 24499 28811 23400 25797
100606 97612 96067 100103 96416
-169306 -165038 -168587 -167361 -167211
-188639 -186242 -190203 -187225 -188434
186651 188720 189212 186019 186649
-190130 -185296 -182312 -190361 -185234
107572 109717 113080 109306 109751
15511 21446 16270 17130 17224
-117930 -114871 -118632 -117896 -115990
-106329 -102765 -102756 -107677 -103292
-183589 -183626 -181956 -185515 -185103
179991 178678 180107 180355 179179
179607 180478 177443 178105 179093
-101933 -97987 -98908 -100199 -102180
163657 165055 165538 165793 160788
127366 127730 128912 129244 128232
-16124 -16785 -17506 -16372 -14973
-138923 -139553 -134189 -139175 -138243
156284 154656 151967 154979 156211
-158965 -157299 -155944 -153881 -156601
7104 6077 4985 5988 3258
-139842 -138598 -137635 -135614 -138684
75426 76592 73933 72455 74911
-82806 -87111 -87393 -83592 -82171
127460 123196 128636 125262 125943
10945 14422 16391 14338 15252
-70178 -69644 -69787 -71934 -68057
-133318 -131542 -133194 -135062 -133243
135468 135045 135036 134305 135327
-83858 -81670 -80052 -81428 -80639
-122515 -129770 -126890 -126894 -127862
-111835 -109896 -112039 -111154 -112016
28482 28313 31284 29022 30096
118917 114663 121138 117501 118551
113051 113985 110455 110516 114545
20588 17692 20628 20817 17778
119474 119350 119842 115808 118300
105316 102055 103547 103855 102132
-11985 -13885 -11537 -10669 -13113
4270 3644 5291 2217 3553
-109643 -109112 -109455 -109329 -113331
-13432 -15269 -14922 -13936 -15387
-114604 -118133 -118211 -116097 -116553
-104094 -99582 -100607 -99673 -101064
39653 38348 40646 37610 34536
46888 44443 46494 42995 40814
80141 77594 83976 79766 81847
113345 109902 108559 112051 113580
100652 100829 95609 97107 102054
23543 25885 29457 26487 26000
46899 51044 47767 49958 54810
-55444 -55915 -54311 -57446 -55325
93091 95361 92741 92271 90339
100998 102811 102120 99557 102124
107067 108187 107482 105998 108763
52458 53319 53615 53471 53530
-63384 -63766 -62812 -66457 -68198
-116738 -115275 -116842 -115755 -116574
-117066 -112624 -110079 -115687 -112427
8984 10099 9286 8875 13309
-113173 -109620 -111960 -111364 -112080
-12537 -10224 -8037 -13447 -7167
74482 75416 76801 74761 75776
-111188 -107080 -109529 -111363 -108336
65600 67760 67046 67089 66251
-74360 -69230 -70737 -69879 -71462
-27940 -28489 -28671 -28230 -25968
62112 59580 61177 58649 58353
-80102 -75783 -79069 -74252 -74125
99822 95852 96336 98360 97038
95213 92392 91421 92494 93242
5945 10046 6481 7739 6522
78400 80200 76335 80158 75046
95018 97425 93051 96812 96324
86575 84110 86355 84043 87093
93889 92155 94613 91414 95853
62773 60242 63117 59862 62058
-57098 -51235 -56295 -53593 -54516
-79969 -78261 -79301 -83203 -78961
70826 73824 68933 69255 68400
-86522 -83473 -85357 -85963 -86608
68764 73109 69648 68857 68874
-62807 -58075 -58918 -60768 -59022
-78074 -72248 -77623 -78463 -75198
34099 33331 34014 28570 30423
37359 37886 34552 36440 38411
-49098 -49393 -45855 -46571 -46419
-45318 -43598 -42448 -42577 -44247
-38466 -43645 -43329 -42208 -41930
-59464 -65615 -60185 -62646 -63141
9580 11776 12519 15274 12460
60059 56023 57478 56077 55744
55100 56985 50632 57528 51492
53081 54117 54018 54963 55182
-19624 -17478 -20262 -14062 -17255
47876 50558 49580 53111 48624
44556 44198 41947 42388 45460
30353 34574 30117 30980 30600
35935 39503 32677 32406 37386
-20764 -17761 -21516 -20679 -19221
31757 30334 31704 32247 31416
-17040 -13288 -12853 -13574 -13388
31449 31683 32879 27150 33951
40692 38398 42599 40780 40689
-30948 -34001 -37024 -33241 -37981
-36742 -39493 -32144 -35640 -32020
-27023 -26565 -25643 -27514 -31750
35274 36250 37468 36219 35017
-2328 -3857 -1420 592 -920
27552 24685 28182 24878 26159
-32551 -38891 -28967 -33369 -35552
-20537 -22892 -22844 -19257 -23534
24681 17984 19982 21605 19229
-15563 -14465 -15121 -13783 -14144
8153 5991 4892 7847 3537
-12223 -14955 -15237 -13990 -19341
-8550 -5037 -7367 -8055 -4045
-5244 -4578 -3639 -4805 -4968
8385 10075 11579 7423 11236
-11299 -8426 -11863 -8512 -13792
6630 8089 4305 4863 7046
-3974 -4917 -3276 -5392 -4801
4933 7036 5709 6274 4138
-5249 -5563 -4274 -6923 -7653
2820 -2343 -582 -634 -6671
5842 968 892 481 4499
2016 980 -889 1049 449
5802 3185 8452 6013 1624
-6997 -8235 -7846 -5827 -7669
1751 1787 1648 2717 -341
8684 11957 13178 13716 12366
15505 16080 17138 19383 16694
-889 -171 -1648 -178 -3688
3544 7602 5820 3444 6831
19557 16541 13994 14453 12829
-28454 -28709 -27768 -30773 -30198
-36421 -36909 -35874 -37423 -32793
-16759 -14581 -14185 -11590 -16549
-43696 -38189 -43176 -42840 -42977
31266 25222 28005 25713 30526
-10239 -12287 -13600 -12928 -11829
52126 52329 50955 49944 52421
26272 23921 23912 23508 24862
-15230 -15759 -12596 -14104 -13808
-56463 -53312 -54944 -53638 -55847
33482 32728 35835 36673 35050
-16946 -20099 -18624 -18056 -22323
35995 36470 36288 34603 38532
31763 36248 34783 32754 32534
-3038 -2435 -673 -3640 -3766
-38517 -40855 -39958 -41731 -38274
-67866 -69159 -64953 -69073 -69088
5778 6036 5607 7068 6556
45193 46240 42109 46932 45178
36126 38710 34018 37358 34195
42540 42155 43748 47710 44956
-120669 -122407 -122730 -122181 -116275
-107667 -108053 -105406 -108812 -106850
-88734 -81029 -86077 -88709 -86462
-83621 -90834 -88237 -84180 -81951
-106380 -110174 -104580 -111074 -105054
-16217 -14678 -17148 -15678 -17368
-18312 -24929 -21112 -23396 -22425
-165619 -158145 -158977 -163494 -162512
158687 157362 154269 159356 151470
-162338 -156357 -160626 -159999 -156447
-55902 -59256 -58342 -58309 -58342
123629 119708 125274 124094 122472
153026 154678 150993 151199 150283
81181 79431 76990 77251 77959
-174962 -174546 -179045 -174502 -172734
-177797 -176397 -178438 -177446 -175835
-164576 -164703 -163680 -162530 -165358
75112 73513 76606 73867 73812
228616 227247 224504 230344 228456
240257 235096 233959 237362 236981
71711 67783 70484 71788 71029
-130763 -127243 -130173 -128170 -127075
238404 237079 240923 243004 239139
94620 93863 95375 100108 96829
99998 99762 99796 97049 100491
271007 267860 271261 271731 268661
239836 235269 239503 240212 236509
25755 23002 25206 27707 23837
175335 171903 172961 177194 174338
156072 153595 154255 157124 152419
305424 308282 307730 307608 307081
88396 86831 87481 90888 88545
-280238 -278058 -275990 -280910 -277647
-237172 -235714 -238562 -238744 -237727
134937 130978 135487 134592 134311
-216155 -215123 -216429 -214052 -216680
-68158 -67026 -67954 -67003 -68632
313889 312978 314189 312756 313781
-168313 -175030 -169076 -169557 -173719
-299122 -302739 -305336 -304794 -304644
27862 25772 27072 29345 26749
-219714 -218685 -215864 -219829 -217457
301488 299362 299890 300174 300964
91032 91180 92915 94820 90617
318761 313530 316783 314353 317451
341568 331407 337725 338598 336224
-139725 -139681 -137536 -139332 -137918
-387053 -380191 -386718 -385408 -385563
39546 40104 42425 36222 40834
-373761 -368300 -375126 -371998 -373017
109954 111565 107536 107380 107564
-341122 -339984 -342703 -338987 -344843
303227 297977 302966 301839 301735
143254 147358 146553 147267 147398
131868 125324 131214 129578 130132
-333934 -328272 -329249 -330875 -329939
268423 270847 267911 268296 268730
342804 336004 342058 344155 342273
268161 263447 266491 268167 263896
-155626 -152475 -152759 -155574 -149148
219412 222477 220817 219131 219789
-246685 -244385 -246618 -242570 -245431
-34636 -37224 -37061 -37732 -38085
-243457 -245482 -243304 -247832 -243552
-384188 -383596 -381384 -383906 -381655
-84649 -85298 -79562 -82101 -85430
34772 29721 30929 31130 32231
-250429 -245876 -247739 -252873 -246496
212760 208666 210391 211291 209562
-133605 -129615 -131644 -130066 -132216
-276555 -272425 -275768 -270281 -272960
-368719 -367289 -367875 -368759 -366091
-380791 -378427 -384503 -384168 -381737
-302158 -302267 -302227 -298252 -304340
-46165 -47810 -48568 -44621 -49451
-379004 -380103 -380950 -377137 -376516
-336884 -337540 -336467 -341883 -338247
-384527 -381287 -383661 -382231 -380016
-339161 -335901 -334013 -342710 -337935
-80257 -80291 -80341 -84049 -77839
78224 79725 82113 80912 81172
-5135 -7140 -2256 -5798 -6561
-378816 -379595 -380914 -379782 -376156
378837 376628 378144 377444 379459
-105851 -100496 -103786 -101707 -101050
33282 30105 34109 34558 33718
-375189 -371615 -372121 -379014 -374477
371096 367898 368099 371031 366878
-262303 -260477 -258132 -260121 -255367
-98010 -100265 -96498 -99102 -99406
19682 21577 18998 19551 20061
-341133 -340699 -343382 -343004 -339386
-75039 -73029 -76756 -74676 -75632
255407 256785 256786 257534 258566
235027 229175 234951 232657 230113
-68782 -67164 -69594 -67350 -67042
181737 186237 181065 185053 182965
-25841 -24606 -21331 -27289 -22374
11365 8991 9006 11238 9726
109460 112809 105911 110970 112373
-104245 -107591 -105666 -102641 -106212
128084 133261 129867 130768 130598
90154 88258 92221 91939 91987
134569 128336 131695 130536 130914
334975 328801 331143 331328 329777
-246309 -249495 -250337 -248550 -249231
40919 39153 40520 37628 38950
-82200 -79906 -79475 -82705 -82896
-46416 -48629 -49727 -45510 -48206
118091 115172 114626 112982 118027
276138 277678 277927 276746 281139
109666 105332 105373 106211 106501
16272 21231 20398 16837 18485
11971 8638 9050 8168 12693
87942 86076 85851 86581 86325
167286 169310 164335 168150 163213
-20783 -21502 -21297 -17991 -19865
-314782 -315533 -314407 -315064 -313015
-269285 -271747 -270120 -268901 -269044
157722 153244 157812 159518 158162
-211758 -210997 -209359 -204181 -210587
-241754 -234811 -235672 -239649 -237086
212251 207736 210518 214554 208893
61867 61540 62439 62024 62015
225563 224530 222333 224413 221679
249231 250166 248346 252916 255722
191138 190955 191777 189419 188154
-248082 -244498 -247179 -248746 -247058
5930 6098 5554 5812 3726
-105075 -104893 -106833 -106385 -106810
-126134 -125351 -123300 -123589 -119888
-105778 -101562 -103249 -97142 -100757
200195 197781 201144 198606 195694
85494 85043 84889 85874 83376
-193874 -193875 -195310 -193470 -193712
26946 27898 23797 26182 22872
65503 65986 68728 67133 69424
-133783 -135043 -136535 -135830 -134946
72710 73658 72927 74372 73400
-193458 -197823 -194218 -199185 -197125
-193927 -191224 -194656 -194523 -189866
150757 147116 141819 150756 151003
-140389 -139461 -137495 -140720 -137430
2644 -386 -759 -1107 1950
-176831 -170569 -174895 -170650 -174669
-75201 -70268 -78411 -69638 -82728
-366307 -351307 -369068 -355425 -324256
-1526872 -1525698 -1534997 -1533162 -1526529
-212450 -210012 -210940 -208997 -212643
31682 28322 26614 32107 24243
228459 223633 226429 231849 227831
-776999 -770136 -769458 -775774 -773577
114630 108987 114228 118390 115316
-400797 -396630 -398742 -401192 -402010
-266112 -266190 -270193 -271440 -265666
56589 40916 61256 76390 13581
-585168 -475446 -484753 -521393 -513198
-737514 -745748 -749703 -745585 -743473
497268 498011 498474 498981 497635
355110 356651 353250 356402 353473
-505605 -504661 -500768 -507672 -508860
-441505 -441919 -440199 -441957 -441316
-414597 -411384 -410490 -411696 -413906
-271956 -279482 -278150 -275615 -276451
319258 322626 315983 326375 321446
-113695 -120112 -122253 -118097 -120692
-63538 -67544 -62205 -59599 -59818
-341630 -340171 -339727 -339895 -339602
324274 318915 319619 320180 319776
179546 171293 178105 177151 179495
-75779 -87129 -82308 -85500 -85183
445347 435553 434495 442191 444261
299443 304602 301983 303160 305607
-107504 -116863 -110851 -113016 -117710
-50657 -51487 -48357 -51840 -48489
-177754 -166591 -169901 -167906 -169066
-323370 -319419 -323828 -323526 -319572
155652 157173 158355 154666 155414
-123482 -124513 -122453 -121977 -127355
196535 194546 197705 196447 193658
-72155 -74871 -70970 -75704 -71352
-142442 -141440 -143071 -141335 -137446
153598 154672 158836 154326 154943
-24971 -22398 -19123 -25724 -22957
61307 58315 62460 57631 55604
107091 107189 111250 106659 105088
87174 95513 87368 88410 91535
-53065 -53092 -56060 -51336 -56808
175640 175148 172256 177204 175061
11364 6738 8419 4837 7494
116796 119913 120269 117239 118471
35357 41812 41972 41049 38673
-137773 -140214 -140064 -141907 -142010
68558 69654 68329 62722 69962
239023 226585 231671 233024 218646
-549815 -561307 -562276 -557215 -562811
-21376 -25773 -27220 -27538 -28872
-124287 -121203 -125720 -122045 -123334
-143109 -136821 -138171 -143293 -140649
20244 18291 28950 18738 27303
-857886 -835177 -843295 -844642 -853520
-178209 -176783 -180582 -180996 -178578
-144664 -143450 -140561 -146582 -143534
-320830 -301465 -328853 -361769 -257639
-807165 -637006 -641633 -697468 -720228
330037 320307 322382 325358 328476
161771 157491 163678 162777 158376
-200777 -209414 -200711 -217294 -199334
-1247843 -1266688 -1265011 -1263301 -1253717
77023 70255 76796 75366 72804
-11613 -6918 -12645 -7476 -17235
420452 414225 415402 419864 414518
-217052 -211096 -216325 -219611 -212611
-37236 -37342 -34396 -34780 -36467
109166 109579 110975 107627 111221
-335619 -333034 -334280 -335673 -333985
-35800 -29673 -33566 -34730 -34827
295940 293561 289202 290176 294628
-178246 -180718 -181878 -182606 -181779
281940 279911 277264 277577 278546
-199892 -203316 -201286 -199319 -199969
225187 225260 224702 223899 220728
-227385 -223749 -227653 -223029 -219413
252251 253784 247863 257558 260006
-118153 -148046 -147191 -140582 -134769
83822 79873 81848 87943 83899
265165 265834 267746 265305 272605
365486 358858 362678 360326 356597
22904 18241 23188 21482 24018
-22483 -14859 -16093 -13586 -15650
-131045 -124470 -124412 -130687 -130416
-21740 -21829 -17907 -17129 -18110
-78627 -84076 -79832 -83348 -84396
-102805 -113265 -109489 -112172 -106089
131697 129740 131024 133233 133412
131283 127157 129091 130708 127866
89032 83327 83949 87950 84413
126759 124924 127895 125182 125465
-109326 -114167 -113785 -115124 -110091
129423 126121 126674 129488 124866
-140241 -144613 -139359 -139560 -139444
101422 98864 95142 97490 98604
-126599 -125030 -124764 -128884 -126683
-125265 -128000 -124591 -126189 -131394
115007 121933 119244 122128 119647
-13260 -9006 -15676 -10163 -12818
-47086 -46474 -43053 -43900 -49454
172173 162189 166949 171675 168278
-77808 -76018 -76391 -77264 -74081
66122 62916 64766 61415 62917
92106 90322 90053 94197 96689
-26689 -25668 -26038 -22479 -27599
-111410 -98798 -101392 -105566 -102571
62224 62715 63454 61246 62600
-41662 -41418 -44725 -43721 -45501
45622 52107 51391 48877 52273
-54905 -56579 -54972 -57290 -54012
-29409 -28572 -29097 -28259 -30771
60441 59755 60345 60788 57606
16893 17190 18411 15789 16445
-9465 -8425 -6935 -4734 -8344
-59927 -60089 -59041 -62161 -56476
-36842 -37042 -36702 -38401 -39404
-57522 -52189 -55099 -54813 -52596
53210 53235 55602 51811 54873
9510 11534 9441 8440 11570
-51530 -55674 -52258 -52472 -48834
58122 54473 55987 55915 54700
4619 2661 1470 4840 4473
-62192 -57511 -61300 -62012 -59197
109726 105383 104724 107821 104779
-49688 -48211 -45716 -50929 -47902
38390 36235 37763 44704 33028
-215136 -207741 -206771 -208856 -208486
18233 20413 22024 15777 19999
16854 25175 18401 23268 25260
-181131 -191886 -187082 -183996 -185503
-45977 -46153 -43217 -45764 -45155
-22346 -20837 -23223 -22448 -20720
87942 84851 81804 87188 88488
-53065 -49775 -50098 -52039 -51367
4317 8301 6419 5838 6357
49135 50556 52487 48961 50879
46434 45782 47314 47861 44721
28168 26310 24850 21529 28173
22527 22388 20320 21739 23932
-20472 -17962 -19049 -20954 -16381
-21289 -16268 -16475 -19465 -18622
-23641 -22858 -19826 -21760 -20979
-17629 -19498 -19672 -19924 -18577
-19725 -16257 -19029 -18169 -18478
11013 13573 7638 9680 10314
-20383 -16270 -17999 -15854 -19817
-19417 -21939 -18918 -20032 -20747
1091 -1466 -3849 -360 -3095
12577 19232 17767 13711 15954
17041 18252 23459 19155 19546
-119761 -102936 -97222 -105610 -109159
-9049 -8514 -8084 -8389 -7415
16760 15001 17142 16060 18259
89796 93578 88612 92497 92390
-15674 -16907 -19680 -19660 -17024
3661 933 1353 4587 2965
-27033 -24600 -27870 -25580 -23501
-10538 -7341 -9566 -8672 -9146
-7715 -6121 -8603 -7780 -9426
22912 17969 19943 19851 19438
34981 32889 38149 33228 31344
-11828 -23058 -24961 -19414 -20879
16181 18283 16503 15190 18193
-14533 -15682 -13824 -14245 -14782
39852 43320 41628 43169 44957
42628 42824 43342 41797 39634
-41885 -42275 -43073 -44153 -38335
-43858 -47144 -46994 -44060 -41993
53132 49395 52495 55428 51498
8053 9661 7457 6767 10513
40870 41265 40825 40158 42509
16841 20279 21025 20460 20012
-63869 -63535 -60828 -63165 -62848
47845 46819 45676 48052 45564
-11066 -10077 -7733 -8659 -11907
22119 21368 22311 24864 21071
56295 52017 53012 55397 57175
91311 98445 97260 95193 93085
-82175 -84460 -82473 -79027 -81917
318476 334672 336236 334662 323852
73909 69685 71041 68014 71314
-88954 -89413 -92128 -88544 -88921
69121 93604 65841 94662 104152
890753 903382 902760 895291 893438
70440 57860 70493 64736 53798
-97582 -99790 -99026 -98627 -101094
-43004 -18312 -40370 -40787 860
-645496 -546363 -553064 -577002 -594920
-74728 -68431 -72883 -81022 -59777
52646 72596 69859 63268 63616
335784 336935 335463 333643 340066
-115611 -128709 -120971 -121967 -135386
795029 792684 797048 796709 790252
-123917 -118419 -119946 -120926 -117300
310014 306054 308285 306934 310045
348821 343481 346920 347177 343363
82598 84312 82764 81095 84080
94434 92255 89501 96536 92139
212963 213242 214428 214139 211641
22540 21810 22097 23302 24141
-87462 -85508 -82919 -80079 -81719
20175 23040 19632 23811 20705
-218019 -218935 -217112 -220294 -218261
330774 331726 334010 333200 331731
97542 96394 98319 99433 96386
75287 74591 78679 73217 76091
217210 224258 215007 217204 227657
-131108 -98657 -99243 -111960 -115449
-37118 -39170 -36372 -39489 -33762
-152584 -152635 -154215 -152498 -152338
-39316 -34783 -33837 -37611 -32289
-58249 -59648 -63064 -59589 -55957
-52815 -61691 -71766 -67276 -47205
310280 308515 308864 321286 306988
187889 178466 179805 182450 188306
147121 155284 150454 156348 149821
-138696 -132335 -136737 -134992 -135721
-20103 -21674 -18232 -21543 -21506
175849 168712 171312 172520 173290
-87979 -91305 -86522 -89843 -88228
132868 135339 135041 133484 133814
144729 145505 145358 144517 146162
-220580 -220646 -222265 -223736 -219371
101716 99778 100061 100666 100595
133409 133903 133208 133242 133773
121377 119987 120963 120669 117836
156083 163716 162964 160934 163652
31350 28488 27788 27569 27732
163132 161265 162429 163613 162947
-159208 -164191 -160528 -162683 -167727
690519 688644 689203 691156 687093
83327 82982 81452 84310 84595
-210455 -200917 -206764 -208499 -204932
-169392 -167674 -168527 -166892 -165842
182639 181209 185039 182084 181837
-136820 -132166 -137521 -136584 -134052
89278 90680 92026 93532 90717
180670 179106 179464 179602 177954
174657 176019 177024 177260 177532
-91304 -86822 -89032 -88977 -89674
-126925 -129118 -128130 -128824 -129303
119881 120206 117915 116925 116001
-121782 -123720 -118306 -122078 -119905
-107250 -106235 -106731 -109076 -109514
96981 95038 95122 95174 96619
131684 125861 129418 128911 131145
-121372 -122104 -121165 -119760 -119397
25520 25751 25677 24482 27060
135486 134453 133451 135702 133373
-64380 -62202 -63503 -67176 -63611
15033 18435 21348 22505 22276
-150749 -151189 -152590 -150720 -151582
-145303 -143918 -145452 -143424 -146521
159265 153190 153050 154717 154605
-142626 -140856 -142637 -143050 -141655
-157017 -156063 -155643 -153387 -152961
-143599 -138659 -142454 -139153 -139178
-148661 -140890 -146479 -144972 -144021
54466 54377 53003 49734 55630
-111741 -113316 -113764 -112405 -108756
-108936 -104131 -109787 -110471 -110179
-113919 -113902 -112414 -113593 -112297
-47336 -49634 -47969 -48263 -47308
122799 121386 124775 119759 116293
-119699 -121001 -120846 -118779 -117924
103824 110517 106435 105499 106060
-106949 -108100 -106067 -110280 -111108
-5775 -8062 -6001 -7746 -4028
45177 44963 47154 45916 47787
-77264 -75385 -77506 -74120 -76153
-138980 -135050 -135423 -138815 -134353
1839 2966 2304 2710 5061
-119500 -120097 -121690 -120388 -121654
71138 71054 69819 68803 69636
-72940 -72819 -73532 -72901 -70817
66073 62347 60303 65172 64990
-50876 -53371 -50753 -50994 -50633
-83746 -85266 -84185 -86691 -85909
57136 56656 52616 56362 54834
-85827 -80889 -85949 -84230 -83027
-98898 -102271 -100513 -99393 -99095
113973 109937 112137 112462 110942
-88718 -90219 -89875 -89832 -89434
-72577 -68976 -70433 -67555 -72181
101818 103880 101214 104229 102931
-101553 -103647 -105618 -102497 -103634
-62459 -61298 -62169 -61676 -62897
-18310 -17300 -13678 -19447 -17383
-115734 -111296 -114160 -112796 -112836
-30040 -31473 -28611 -26850 -31654
81823 80143 80332 82852 81238
106944 105142 106574 111920 106397
89682 82371 83840 86145 86316
105414 105913 103130 104316 104422
-83662 -84746 -81355 -84803 -82120
-52201 -47383 -49180 -47499 -48705
134547 133060 137942 134189 137975
-112660 -109479 -107786 -109491 -106284
77886 74400 75093 77029 74722
-81869 -83851 -78780 -85754 -81905
90789 91462 92127 91744 95479
111594 113476 111193 113490 113880
104839 105950 103573 106971 105227
-85253 -82278 -83202 -84018 -83893
105397 105225 105098 105564 102587
69170 69359 70631 69986 68830
-9925 -10389 -7959 -8465 -8203
-81738 -79951 -81844 -81537 -80058
-110024 -109088 -110421 -108120 -108611
-31204 -33038 -31030 -30702 -29595
-77687 -75568 -72586 -76687 -75701
14441 17516 14134 15735 11648
-38229 -36022 -38847 -35790 -37975
2659 637 -908 5228 2897
103125 103192 101965 102009 102573
-101961 -98275 -97306 -98794 -98489
39972 41258 42962 44101 41435
-62182 -59837 -62306 -63236 -60990
11939 12990 9191 10901 11933
-15827 -18542 -15537 -16558 -18448
103581 104066 101325 102822 102482
80809 81749 79100 84896 81291
-54899 -56682 -56392 -55107 -50828
80008 75468 78555 79025 78446
-89885 -93406 -94842 -90924 -90248
71138 71875 71640 73370 73686
86826 84195 84770 84359 83980
-100310 -99527 -101207 -97468 -101169
-39001 -41768 -43384 -39580 -43261
22854 26170 24645 23065 23088
-99313 -103107 -101777 -98622 -100901
20297 21449 17504 19630 22685
-105173 -100360 -98480 -103697 -97479
-29712 -31423 -30482 -31344 -27503
95864 97216 97585 99592 95450
17277 13849 13383 16606 13977
32750 32060 33557 34596 34557
27801 30555 24816 29379 29012
102145 99413 101530 102907 101234
-102259 -98952 -95875 -101028 -100897
46690 45952 46687 47210 46652
87639 90596 88901 88948 90328
82271 83833 84864 81825 84084
33850 34759 34169 35192 34533
-67696 -67011 -69797 -69943 -68914
-103505 -103388 -106185 -105029 -103469
37798 39535 40809 40456 42491
63904 64616 64691 61930 63099
93636 94291 95751 96204 94703
-38949 -38345 -31841 -38516 -35636
21553 20533 22007 21043 21881
77868 79731 74304 78916 81069
-78652 -77381 -78329 -77013 -74643
103974 104000 105545 101562 101893
-99377 -100994 -102502 -101773 -98945
-101641 -102557 -103281 -101880 -102711
-94348 -93408 -92172 -95051 -93270
6119 3552 6488 6794 7690
-102593 -100166 -100265 -97701 -98302
79212 82624 80037 79992 77469
65107 62932 63615 62592 65816
57651 61009 57094 61164 56514
61434 59632 60019 61875 61835
-4952 -2644 -2754 -1951 -1319
63172 62126 62231 61345 59443
93592 92962 94806 94463 94636
-92683 -89919 -93152 -93083 -94335
45009 45239 44033 43708 42025
95812 90746 91435 93792 96817
-95011 -91483 -92780 -91724 -92132
74646 76019 73290 73748 74755
82751 81524 81560 82585 83052
57444 59394 56427 53548 57135
-54227 -55887 -55854 -52265 -50857
-51530 -56587 -55474 -53318 -52746
-90070 -92331 -88997 -90705 -88914
-6861 -7377 -8410 -7405 -9353
67311 70258 69269 70263 65340
68421 67401 69785 69515 65328
-89323 -86617 -88114 -91060 -93454
86528 85003 87035 88492 84471
26350 24117 26898 27335 26824
-39561 -41327 -41903 -42218 -41998
82358 86581 78817 81280 78174
-129 -239 -1514 2792 -948
-63951 -58979 -66750 -60651 -59231
72145 66823 68851 67640 67142
-45138 -46719 -46692 -49727 -47388
-63445 -62064 -62343 -62833 -59901
27417 29048 27324 28328 30196
64999 62947 62219 67261 64591
46413 49503 51718 46349 50393
24396 24200 22358 24311 22218
-6865 -8918 -5156 -7735 -5042
71264 69881 72154 70580 69997
-50727 -47245 -48734 -44645 -45757
43949 45866 41806 41599 46955
-10165 -6347 -4715 -4245 -3928
58614 58990 56847 56306 55150
8550 8355 8953 8470 9543
65935 64038 68434 63980 66518
42299 47394 47405 46820 45354
-54913 -50886 -53007 -50202 -57612
47557 47097 49648 44783 48508
-9592 -8411 -9576 -9416 -8462
19747 20081 20640 21006 17609
37393 37197 35349 35079 40350
-59479 -57647 -57343 -57289 -62127
45926 42724 43654 46104 44896
-55585 -55612 -54372 -56944 -54260
-50859 -48013 -50416 -48851 -46667
-21670 -22580 -23723 -18552 -23897
-2346 997 -2627 -1991 1465
18567 20272 19531 22094 18931
-15057 -13370 -18056 -15626 -16828
26872 30621 27660 23921 24307
-18108 -19205 -14540 -14007 -18530
-23307 -15833 -19121 -19541 -20567
-11047 -8891 -5214 -6843 -9312
-10567 -6982 -9295 -8909 -5967
-23564 -24576 -21818 -22026 -20799
-16858 -17341 -17348 -21795 -15742
-34578 -34409 -32197 -31370 -30363
35781 38082 39778 38956 37759
50818 46935 47571 47385 46799
-44965 -45782 -47301 -45981 -47369
23456 27939 22560 24131 23551
-43193 -40990 -40952 -39995 -39581
35772 35802 37406 38802 36906
-37262 -35092 -32032 -36461 -37201
26734 25686 27144 27695 24652
-3581 -2033 -6062 -6072 -5071
-32863 -32981 -32392 -31374 -33219
-12911 -10046 -10413 -9369 -11504
-37248 -34686 -35378 -34386 -33853
-14325 -12171 -12543 -10642 -15155
32180 33550 30463 32960 30699
33313 33178 30367 32356 32388
32762 32875 29654 31020 29260
-32872 -34019 -31477 -30805 -32315
32028 31610 29710 31064 29471
35013 31257 35149 29181 26315
29033 29369 29237 32536 25922
8264 3438 4527 2947 7591
-6124 -3115 -5187 -8431 -6032
1212 6193 540 4885 5283
-26125 -23759 -23114 -25737 -25264
-25624 -25930 -26685 -21494 -26208
22427 26745 21812 22668 21493
-11919 -14911 -12198 -13288 -13978
12867 14741 15118 16463 15039
18797 18908 21150 20824 24713
-2349 547 -1442 -1882 -642
12885 14301 12498 12998 14051
-5693 -6274 -4062 -2689 -6253
12519 15848 12862 7966 11622
-5117 -7259 -6059 -7158 -8100
15177 11147 10858 9740 10354
-3423 526 -2450 581 -523
6522 4120 6600 7984 7235
-11331 -9516 -6808 -8380 -8789
-6742 -5626 -10305 -10810 -8190
4143 7676 10702 8493 7140
-6677 -6708 -4243 -8594 -7058
10213 9841 9274 8632 8273
7770 4724 5845 6066 7144
-7447 -5656 -7625 -5337 -6896
4176 1953 2091 1622 3504
-7908 -4663 -4147 -5975 -7260
2330 607 2760 566 3226
5849 3820 3809 2691 2130
1763 -198 -675 -2116 -3143
4895 3570 1613 81 4361
726 7026 3396 5032 4441
-1242 1934 3493 -92 629
541 -53 -1212 -712 -337
-7010 -7345 -8015 -5095 -7348
-6013 -4244 -4953 -5122 -5526
4936 4244 4097 2918 1105
1576 1274 3562 5388 3713
2886 1193 3003 2982 1673
2415 3256 1095 2205 1380
0 0 0 0 0
0 0 0 0 0
0 0 0 0 0
0 0 0 0 0
0 0 0 0 0
0 0 0 0 0
0 0 0 0 0
0 0 0 0 0
0 0 0 0 0
0 0 0 0 0
0 0 0 0 0
0 0 0 0 0
