0 0 0 0 0
0 0 0 0 0
0 0 0 0 0
0 0 0 0 0
0 0 0 0 0
0 0 0 0 0
0 0 0 0 0
0 0 0 0 0
0 0 0 0 0
0 0 0 0 0
0 0 0 0 0
0 0 0 0 0
0 0 0 0 0
0 0 0 0 0
0 0 0 0 0
0 0 0 0 0
0 0 0 0 0
0 0 0 0 0
0 0 0 0 0
0 0 0 0 0
0 0 0 0 0
0 0 0 0 0
54902566940181 50680614088935 53437983092163 58080842738606 54120882891011
45689862103619 46256797787130 47012712030919 38744899985638 38916698677814
52523155054617 45526653330513 54666343735909 54219667137907 52488795317596
-49873160247206 -60696477831048 -69522635624164 -59051505357089 -61787399525349
-48700634161652 -47648367174917 -53493817664879 -58312770971187 -51161650421516
47674136995079 50899657431024 37422050057802 45848775892652 50525995278465
-43581033162587 -41863046243535 -42356967481772 -45518063414374 -51750060961210
-19262928309678 -21659520059596 -20791936667779 -24184960829560 -25018184487115
-38822209381233 -51621211920392 -41047002437958 -55125905233275 -52299816753502
-64488933953811 -62259845925887 -62010737825032 -64772401795409 -62496069129070
-45857365829787 -50186692864741 -41742787159541 -52566104746769 -42434276894638
-24502788407615 -5226975185619 -13894219188107 -10728828290502 -16372415317330
43778601636593 37542309123039 38680475457046 38869454017117 34166464826150
-70755291235840 -65794604011652 -68324339746625 -65163243817221 -59313498361294
55619826474958 57917633976750 57277683849743 56766582743009 47102906325492
43744241900954 42928198111819 44504451108149 47987669586318 48524540500501
19219978634819 8662949021759 17231408776410 24369644422781 11811160050776
56818122350004 54189602366020 58974195935440 53626961649682 58497454564124
44839458579723 34368328313347 35944581311762 43091406892328 36790689868649
8727373532423 10376640973994 8963596733130 8521215102570 8886287322446
43946105372832 52316996632433 56508884714251 58763742543864 65060164602286
-32182189941362 -37228776515209 -47579647696681 -44551695750905 -40402757344012
37726992731643 40948218203847 41025527615013 44105019167705 52767968206838
-41308995448045 -48928267432044 -48253957565011 -54215372173973 -44839458566499
6725918794993 11600706676314 -6399501261606 9904194596268 2800318688802
14108967578121 8770323227341 15410342669222 8723078589355 4294967304926
2044404421045 -425201772118 992137435359 7322919228468 -1979979936458
36395552861412 35515084568659 40845138980422 33706903336780 42554535965721
-29540785070394 -33689723477094 -32903744460210 -41558103564428 -30709016174373
-23227183143816 -34823594844007 -36202279345652 -32774895445466 -33182917339038
29283087028530 36524401886024 40540196310297 31297426690990 35008278433626
10037338559088 20560008436717 18811956747515 22990959926657 15431817484778
-16260746173027 -14989435854341 -14405320304417 -17952963288998 -8624294322280
23356032159523 37276021163674 26233660246975 20667382631024 33590939226970
16093242454445 9332963925992 7529077663581 17523466561309 7761005894599
27749783705734 24429773981491 19701014990370 28419798597805 23746874182869
-14684493180923 -5896990088866 -12446815217496 -30511447663220 -17338782965770
10651518902520 16793322135487 3148211036413 17020955405954 8864812505986
30515742646987 21595095569679 25490630911806 16265041159255 9693741194139
-45646912427863 -47184510722213 -34862249550865 -38315403254824 -44809393807171
51913269711987 54833847475877 49512382994118 52149492914476 56951266345504
-44611825292851 -50805168133603 -51591147149782 -53210349820468 -47828755797600
45088566662580 43349104909435 50736448660280 53678501255761 59060095277008
72782515785290 64660732630594 65395172038491 61186104090846 64068027144771
-74590697029046 -88287347737037 -91899415231230 -85779086833822 -70669391890432
-86234353378459 -84323092933935 -91641717204108 -92230127725196 -82076825032834
79774722574160 61211873920465 79873506819465 64841121283250 71313636999392
-87909390594155 -87028922296700 -65326452552385 -78172699733901 -80882824095983
-103903848807567 -101880919209132 -106974750422432 -105858058924034 -89520003333927
-124399432745506 -128595615794512 -119077968269495 -130309307749071 -125636383328054
71601399762614 70609262314489 72314364332045 61284888315266 71725953810186
33470680101422 33706903302815 39891656208958 36636070999122 51376398757255
-158175055561617 -157861522948979 -151724014684329 -144560009235728 -154399779312221
-150770531977838 -169157286971874 -164969693857326 -166739220382578 -157157148347516
-89373974425297 -81703162834015 -86831353788557 -85139136671981 -76596446720928
-139354508855939 -131258495500335 -137408888674042 -128174708984523 -120920509220882
164995463660452 166116450124291 170102179775376 187939178956791 171944720745058
7026566541512 19374597515582 18446884583474 17313013216368 15328738325428
153716879494659 145655225878974 147248658746820 156525788105134 151535036108312
-212725435204398 -212776974812761 -207296596541742 -204491982895560 -203538500157096
-28660316718964 -28548647567870 -24322399750445 -11927124136401 -12691628312869
-226026948919770 -208585086728968 -222539435472441 -211325275865607 -214718300031409
-9655086430253 -13335873403165 -128848967929 -9702331071358 -10050223422808
119297011569288 102297531012263 115779433354428 108752866857043 117196772559364
-42988327614755 -34252364132706 -19219978594738 -43589623034030 -27019639206025
-240226110811147 -245053654051185 -229033426040242 -230094282961087 -237365662592181
179624122293133 182072253652701 176312702508653 175058572055834 187286343949841
241016384802124 250753075659468 239637700296778 245994251897223 244954869809776
-184022168809596 -191735930073776 -196529113575448 -186689343501687 -200815490934001
273181394845592 265845590703090 271935854328385 272812027657658 261103946809051
230214541993761 229059195791540 231378478131302 228062763376247 227019086324043
-303095842080474 -313206195098179 -295188807290510 -321894913938090 -302649165484780
-208108345414688 -197851963514283 -211922276376170 -206222854773445 -196151156464885
290889544991035 283828618759555 293453640468031 283600985492080 290816530546713
79224966666468 106828721478671 87746181783486 98204427149184 72202695139187
315637146616686 310891207751063 314773858189155 307085866728923 310788128535655
-35914516611779 -22990960017580 -32933809308423 -38238093916788 -36975373534008
103766409949884 108997680116400 93677531768988 96714073651233 92200063022728
-146028803437 4698694306999 7284264616889 -3367254277105 -2753073949431
374821795916943 373413046638659 368147416735088 378614252034721 367206818897582
245968482140734 251530464788316 251689378579458 256018705614426 255022273199037
-122926259063001 -127277060934051 -118468083006882 -123738007883297 -126680060481538
185422328183140 178906862794829 181191785394807 178503135869099 186122407850047
203078938579737 194407399607741 209650238539036 200785426042143 196095321755965
-290687681494834 -292616121811483 -295918951661971 -286281045049376 -275251569033839
164059160861137 163453570470253 168547401684471 170205259060073 168220984171272
239139483992014 231090715278702 226198747528269 234213156501981 239208203469326
360257561763164 352595340106967 361786570122326 352887397882111 350018359729885
248442383323423 251723738335075 245045064191528 264015934736487 247390116335925
451401062792972 449996608487502 450537774365230 441926364937699 452328775729901
445194835037724 453982338123920 453578611196723 459144888813728 447887779530082
492452360225426 487736486129225 478777184351157 491752280554189 482032769560464
490227567153945 506380939151412 499521876382622 497838249200650 493109490207781
503417411749589 500015797649970 510048841254539 499526171382054 503357282204872
-516255068998913 -506720241603575 -521954490602684 -534736313274529 -527430573904139
465437015867281 456211426119203 450125457454938 455562886052117 447995153677000
-524136333927555 -509009459108717 -521580828383759 -515464794954872 -519025322841710
68990059546446 75999446175755 75050258399643 76622216430237 64669322450239
229621836665247 229115030524050 210144159976001 214817084396342 227405633538937
-494204706812386 -475397045023090 -474598181105772 -491541827090048 -491288424017896
379842612588466 374173255758306 373683629486306 394119083881917 382243499309616
579541412063328 565917775798928 571303664787010 576771158154240 572261442494752
133328669904692 130012955151673 141059611035685 128050155098713 141484812796808
-271008141285153 -255219841506018 -262010184802619 -258350872663586 -269062521099935
-566939977989412 -551284822194691 -567176201189054 -559806037308340 -567296460273481
-369088014697163 -373726579375222 -368843201560680 -372506808662732 -360296216639553
-349223790716398 -340036855671103 -343434174800850 -349752071697717 -348304667717230
-30859340170115 -32955284208977 -41918880956960 -37233071634192 -26671747056291
-495394412724972 -487629111851928 -489463062888294 -478351982493710 -486598319703915
-115165253231411 -122887604424353 -105999793020048 -99776385406490 -114426518853548
-101584566329954 -103177999197867 -102589588676862 -100442105029867 -107816563876369
646319563541595 631815458981562 635307267393805 655261685451876 651546538740520
-570788268638500 -570384541710873 -569602857665833 -571067441514789 -579000246108891
-619368643914095 -597949642008307 -604649790991556 -606981958232720 -607407159993037
-716765617149530 -696867033666370 -703949434737922 -723036269403323 -699517028487026
20371030058819 24021752257461 29768418500865 31284541954433 23733989448689
-753655091325175 -746388006657496 -740834613949952 -755394553080350 -744790278825296
7241314683288 -1043677231904 -2233383169964 4939212213810 -1975685134832
-66498978467362 -48593259808970 -51118700580165 -68165425776113 -46823733283911
-377063769009701 -366635588414836 -366622703513603 -381393096044815 -378433863574662
169101452199943 175410759155306 171708497346651 183270549308466 172846663682374
693108937231147 682521842846122 667330543519037 672042122644106 678325659798275
-768932290027494 -771955947001512 -759436117333055 -769576535121467 -770457003416532
194540543855132 198384539584584 188501819836234 200175540947078 191967858443420
-343356865687376 -343206541827163 -362546779562122 -363302693807965 -352092829163422
815592814656316 801775904864687 812839740623350 824126914672348 818788270327261
267696721806887 260545601260977 249258427207429 253553394501620 252818955094369
750493995285452 735049292887588 737342805427014 752834752461611 748651454318030
89910845180087 84988812659483 98075578010643 95172180117253 86225763239804
842088467924504 825711757626855 830414746814315 833906555227237 830951617726684
-363362823001877 -352062764045934 -369534691005770 -363534621695030 -354669809197150
-757791144887654 -763181328843347 -764366739820275 -761630845650678 -752701608643078
820553501953054 816632196810230 821472624952855 805997857785261 808772406658244
620541169761347 614004229536684 628104607168256 621576256877165 622967826280920
583900803745967 576187042483751 586520733797666 592555162847460 587933778034981
231923938826166 237966957811794 222410586266074 240376434465722 228372000871204
153755534426187 177120156515018 162856570125311 159502200667570 165167262530590
482457971161189 488861767398213 473112122324592 476642585443266 490987776208103
-651984625601343 -645988851255441 -636402484250631 -637338787124780 -662421396130271
111939732834126 105978318228193 118983479200056 118704306327170 122599841662730
-177188875595970 -184314226342782 -172730699548628 -187187559460944 -180702158846915
502584187911313 486267607149299 512252159293386 498207616235150 490502444907818
321443942177254 304646325082538 318759587617143 304075094432498 313691526206796
143597936371940 148502789028310 152003187371014 131975754869371 134814728252277
788302592562628 790926817581464 780348313133036 784119294419455 782753494817952
-574142638040554 -577432582991192 -590510758409438 -587448446723086 -583389702633022
243129508889138 250765960739445 246982094548502 256624296131861 256830454563003
808317140161703 794032078931273 792988401876090 797468052771437 795569677222927
-885514882228238 -877320084626184 -880708813822125 -864838909663194 -880193417748114
-858679926648137 -832819928558829 -837376888857835 -849132214349614 -851537396034493
556979949043052 556520387537698 547887503276928 547960517719566 540375605474050
-617891174918837 -612294832532466 -607024907664628 -623612071359708 -613317034750971
219073397070585 213717572847547 226319006896550 226654014347339 223918120176910
-693173361702441 -673236123513655 -692043785302561 -695136161754497 -689269236430640
-575246444627680 -579361023296588 -590326074806652 -573116140849525 -567502618592279
-252269198892923 -232228881493167 -235686330167246 -244529667825858 -232679853059316
-759552081510597 -765522086050635 -769125563612996 -766471273822655 -753023731216713
349043402015651 337983861229454 345581658377399 352616814805566 335441240589988
-914548861203825 -896583013000435 -901230167615400 -914699185056557 -901840052972411
914020580178605 907114272768417 907423510414242 918826648584186 906332588718027
-677359292398602 -683629944647312 -685987881698137 -679695754608456 -679931977807837
-259166916369272 -252196184446360 -245470265661479 -256856223964121 -239521735957978
-400209347412460 -383364485676994 -377394481138519 -389459044268451 -376445293363767
719660425289143 721245268218967 714579478976261 723375572000470 726931804921848
842887331745554 839597386794851 839782070389552 834602339831992 841942438937754
944239970077882 935168999148316 938106756778421 933137479616629 935482531761544
-942221335472640 -927231899611689 -929396563126458 -931995018343234 -927047216017179
-661455028205985 -647779852331373 -659900250040457 -671681345335387 -645602303915272
502455339236185 500389459964043 494904786731192 501068064801035 504761736674415
152329604877969 141115445269801 172790829076160 157685429097671 149619480516095
107373968665 -9955734405631 -369367399477 -7687991669658 -2886218234171
183816010125019 183188944904401 189893388853125 177966264669153 185430917831286
-176956947359893 -159287451905075 -168998372958895 -178198192905948 -175183125863593
783006897898717 796901117100094 785901705855364 785562403440543 777049778259239
-496893356235890 -508966509307696 -508811890482588 -498173256489512 -508957919370641
877195530627996 885557831950065 886434005282170 886519904626422 886459775082360
766686021964260 754282156414274 759891383704425 761733924673995 762008802580371
259192686183082 251569119233639 264312287199923 254335078169487 245246927371742
-436501821081081 -414988329893426 -427761562633191 -417436461250515 -410276750773235
-95142115744325 -118708601295592 -99647536437455 -99638946502644 -104341935688682
-566441761991030 -577303734282635 -562812514620332 -563147522073164 -565591358463552
658379831902957 637712449274084 653809986702798 649171422023355 648806349800184
-611873926030400 -627559146594150 -614029999611167 -627391642868606 -635792598898870
-659118566279592 -640182055469152 -638554262865435 -637759693917239 -637106858888795
837037586422223 844253131482575 832068309261175 842663993581015 846306125846896
-844755642662054 -826746844790161 -833730461611886 -835976729510991 -838149982959441
-324862736147853 -318540544292721 -328358839529684 -327624400122364 -326353089803765
239706419564008 239779434007934 241901147853005 241755118967449 236446539384463
-800126637514356 -813724503967125 -800324206009200 -796299821652155 -799405083004433
-159669704391506 -168598941400611 -156276680225918 -156203665785797 -156512903427154
-749849750177603 -740710059769672 -749080951029773 -745125286149503 -731162347471519
-782654710556182 -784523021327612 -782401307483130 -796978426489344 -786764994258045
551654189575941 580967341368439 574103983634704 563065917681421 553866097736262
-303787331631381 -307511068278071 -305144541293783 -313330748958451 -304328497511280
667231759247857 667111500166961 667858824476930 679163178402035 678579062846224
-590742686935704 -592447788951154 -583063285407955 -582964501160024 -599070628521782
-369491741684229 -368851791554411 -369504626587843 -364990615956791 -381023728875190
-788697729405917 -784308272826317 -787108591507111 -783831531461677 -783917430805187
606634065915824 611835271311176 616551145400217 621232659749678 606810159573992
-783530883873555 -776070525676353 -772905134778914 -777049778217971 -782195149041521
-424961243971891 -401283089267219 -415117178926513 -417861663029767 -404457070102727
764512768690791 754617164041298 767459116256457 759955808390605 742909083191918
647543629171529 641526379988186 643755468015909 642917949388996 643046798406729
82703890063402 71390946203629 77635828656559 77983721005026 58308475822778
205763293032938 199406741435626 197568495429382 203611514417130 198745316470519
791906070062973 792120818425779 786490116305035 794422920895336 800723637920965
686460328052990 678935545347404 694822629373763 686202630014727 692301483571360
-380516922725722 -381938556896430 -380611412005515 -390940808351169 -377669359406379
-96580929773791 -116801635800962 -106622563313403 -107597520886617 -106231721287698
-65197603366629 -58914066210512 -64583423040740 -60842506529117 -54331336107751
-109392817219250 -124493922227152 -120821725186088 -125275606280089 -123905511707538
637824118400052 640001666821269 657679752214968 652624575703802 655175786278071
-797704275870569 -796604764236858 -795655576469618 -802639193292054 -802055077739704
-613274085346474 -624578439266487 -634585713069928 -614652769848456 -615176755856662
-653702612492121 -655089886925165 -655381944701284 -657666867307677 -645731153187708
73065983455963 81612968374966 67199058131260 77519864539989 70626442030321
-84516366270697 -83541408695818 -93840740270197 -83154861637501 -86771224101909
-67418101465705 -63050119724802 -48279727196893 -56624848652359 -61220463658091
623135330038227 620283471757629 629977212943780 623328603568281 619441658163420
223050536746825 226675489146047 238533893850786 232112917743521 252140350239764
-495059405246074 -470535141985550 -482234632898672 -477673377629988 -462525027978008
709240834474244 697038832385647 705409723644830 701235015434252 715331098101123
389265770799445 371192548417247 375912717480915 398478475649113 374473903432701
190726612869756 191121749859360 177012782289311 197645805182307 188183992230451
110621177516811 98805722487181 115753663438552 103474351941351 106665512639559
675662780177344 661188740388797 671818784445305 662103568422756 667850234662074
-295996261278274 -291722768817510 -291241732479395 -296464412709310 -286770671525308
-565694437448030 -547307682452688 -570620764938035 -552620557001977 -561944930999137
529870115224714 515696723143609 525003917273759 522057569712504 526386896748293
293105748275684 309516818309436 287513700857468 291031279069518 298925428960247
-606393547609407 -607493059233706 -602712760631289 -594178660616190 -606191684142188
522706109787614 515327355973620 507605004775269 517728242689794 523260160570919
141046725867322 148103357136426 144413980227510 144950851137642 136339441710981
48631914828076 53979149111173 59820304633724 46836618497185 61263413645471
-458487758931858 -457341002661638 -446625059256500 -454772612218388 -449485507476223
-111205293350547 -130940668082922 -121380070879146 -138018774183854 -123849677075318
-294548857271515 -282196531326280 -281341832836519 -294420008251954 -277205779330448
532167922839362 528504315735705 535964673931828 541067095077214 526824983524752
-238362094874491 -214975997952025 -215972430358222 -205346681271555 -187526861959401
233203839383963 250151780334913 246681446756215 250435248172980 256448202391409
536497249865836 532825052824860 554789515579540 542720657477969 534912406930802
175646982656690 192002218119734 200965814866978 183828895351904 184151017901596
330231445560164 322960065924775 321615741162619 326361680025007 316783902953204
550395764003119 549450871196099 551576880009967 542763607119443 555150292798663
554712206151854 562516161728060 528813553357995 558453122664617 555429465689569
-287475046132811 -286676182215224 -293561014791055 -285967512611601 -278236571482803
545830213766024 562726615106651 561502549427638 551448030988688 542106477118437
234565343789140 214396177363595 232267536282173 220018289556095 215066192263351
343472829524322 338409063086850 338181429819137 339250876676775 330712481690936
-520468431856923 -516237889071668 -522650275242298 -521018187672854 -517852796778776
-496115967281368 -498448134525541 -503718059395682 -496996435580941 -497554781331602
409151469598989 399315994488602 385980121040904 405998963603350 408021893201847
205814832937665 191143224651086 204345954117647 199058849379763 194514773982124
-317887709345492 -291787193087523 -284657547381383 -312106683368621 -318334385942874
506823320820727 503511901037853 496515399316241 500896265955191 492508194825616
-472042675587277 -455043195025564 -460832810943849 -472291783687386 -462413358901734
465638879340396 426447302763925 448562089372633 431322090643354 441299299674083
263899970628515 259063837455489 256916353804869 256001525770351 256813274587363
-253677948269946 -241321327357541 -244941984788760 -256697310280475 -242850335715604
-196649372507589 -203435420834149 -204307299195942 -175591147856370 -186010738513701
449554226924778 435836101382215 449412493005167 436969972748511 462971704758554
-377639294531480 -365261198784790 -382200549799260 -381148282815385 -392087564520038
55950538848254 47901770137013 42451456636822 49813030583253 56676388321442
84907208357558 88287347623952 86702504694273 101919573818393 105858058832085
-473468604767464 -475976865667213 -469448515378106 -472347618303317 -474701260377091
11935714002411 -11995843767348 -16316580869464 7185480174844 10690173487664
-487629111963897 -483578957801456 -480585365593957 -491185344885895 -479382774750207
324467599418098 339650308810392 336978839153665 330012402197513 349618927904768
-7653631832660 -22338125013576 -3508988390361 -10565619659523 -26813480937264
-369895468367808 -364711442839376 -387685222906394 -352384886700527 -359991273782581
-354205952975480 -333401131388526 -325056009933905 -340131345142007 -328509163640614
429672823231196 422465868107959 438743794159617 427134497558970 420838075505296
354635449692832 360163072600252 373288492658425 366249041257753 362731463042033
314915591997210 299342040586233 324244260965155 339916596633076 318149702377075
127624953300462 113159503443564 124137439852624 135416023973944 143035295955726
178520315753453 152127741716712 164381283411229 148708947749198 177137336282170
424879639762745 427800217528126 423797308004689 429183196995131 411891658660218
256048770396736 253407365511496 272283746773551 251358666111262 273877179639078
-138091788405974 -157333241889647 -156495723271301 -135484743255508 -151638115256252
-176312702381521 -170170899150706 -177858890608301 -186195422132149 -161722698476491
-5484673143103 1705102108667 9655086576021 5871220385046 -6876242545043
-283862978464459 -280637458027694 -283192963565939 -295425030428202 -283747014348182
-313223375019786 -313459598215203 -314855462591463 -326005197689177 -304349972583668
-168066365339745 -152329605165493 -157775623697861 -172949743158531 -161585259689073
197645805098154 203014514221152 193831874137413 200738181549703 204693846428464
-39573828751866 -45234595644945 -48047799225709 -42739219648459 -42069204750928
174135154117788 181960584535445 169629733425168 183652801645817 171205986422026
-221074851689815 -219442764112603 -206403243402790 -209375360773472 -215031832700558
-59141699743994 -51311974357560 -64733747162935 -30154965463679 -46694884517310
293045618640179 280431299691059 281251638445278 280968170598298 278365420418775
-282578783268369 -267026706689026 -255949986035976 -259712377385384 -283102769277429
223832220581942 220911642820367 223273874836705 217935230487061 216706869840557
231146549890810 221478578509234 225910984759856 236957640645039 219782066426665
228079943248318 218334662448515 226495100311231 206987358853920 219481418718262
105729209866168 82987358027697 94497870386407 90323162172234 104994770454875
-264183438367380 -262658724975104 -252514012221209 -266511310636118 -281552286109524
-98925981668709 -80642305893673 -90400471588730 -98801427621107 -103534481581632
96147137943356 100102802824857 103633265935816 75368086167736 89270895298852
-54876797087911 -53884659641499 -42743514475774 -44066364401997 -46355581970546
224639674463064 219691872140218 231898169192666 236983410477330 238233245957273
-107137959150844 -84052509932162 -89446988856916 -104135777005705 -90477781008912
-124777389838836 -130382322160474 -126963528195109 -122320668547692 -110024177176172
-185160335067503 -192951405738226 -185156040100443 -180092273657596 -165618233870456
147149874564191 144113332689487 156869385551781 144684563332758 144912196604426
-203697413968156 -202224240182625 -191284958483468 -209371065766087 -199733159152405
-181488138028019 -166498702166402 -179289114772520 -172550311084553 -171884591154504
185607011679600 196245645675544 197216308284875 180663504325370 187075890498484
-150315265393959 -136429636125757 -144358145752977 -150465589253618 -141888539556705
49469433356020 33676838606334 31945966790247 30528627580748 39140037009137
112794431096604 108778636671791 102185861869408 97328253861415 86827058817955
-83897891196806 -91276645014085 -92513595587984 -84619445701432 -87922275548436
-116711441328527 -103732050159557 -103573136368683 -109457241566074 -98393405815814
-46342697088566 -49847390401126 -41510858878372 -33182917292677 -49143015765815
144486994802408 141914309390575 147240068840052 132353712194128 150164941569128
-82252918658144 -79315161030547 -69329362063850 -83184926564050 -77210627054033
41171556466905 29038273849365 40003325365977 41815801560487 30193620055328
75295071645639 64128156673684 64003602622148 69535520502983 71579924931602
-51646981709719 -58660663310784 -60022167941618 -42627550391195 -59304908403939
-63011465215179 -79590038976641 -80895709035281 -68332929693143 -75896367101760
20753281982425 36636071040871 37954625999644 27839978020519 32573031976401
12799002529857 19477676672405 8615704380539 19507741444442 40209483805811
62388694933146 56521769610323 45943265157945 67564130525321 56994216013875
66636417592196 75368086105630 71240622535113 68229850459451 70282844826776
-4445291142975 -15663745718437 -5716601459397 -11463267705601 -31615254254620
-21255793159203 -30511447679210 -22638772629079 -29081223569728 -23021024720352
-10020158694938 -26749056311399 -17617955843887 -19688130080001 -33509334836346
18382460022906 18880676228299 29575144796980 28827820485360 35600983911743
-25941602462907 -19091129623684 -26220775336371 -21303037781886 -13580686585814
17532056497023 21762599283269 -850403528882 -7499012905739 -13846974569957
-14877766710524 -18116172056871 3818225925562 -13451837571706 -13499082217999
-47244634414 -17824114277432 -644245093508 -9049496092191 2688649531795
11093900527584 13374528160724 3959959846023 14778982466585 8989366550977
16458314684074 -11458972742543 -5278514798332 -16677358004355 -7675106556328
27745488725163 38074885070805 34664681038170 29394756167997 21573620720139
41175851468503 45943265167099 52158082844272 35828617185949 41549513621163
46677704581612 52261162069685 57707180602234 37014028170644 51380693774414
5248450051217 -1971389972784 9015136371442 5927054887863 13748190331190
-85955180495737 -82287278424235 -88381837018736 -70733816398002 -87849261076072
-98075578200616 -96731253432910 -115212497709380 -108722802127500 -98255966823761
85581518359653 87355339849885 93668941772458 100652558596213 91164975837725
34106335269082 44826573639643 33745558016904 42090679470027 37817187011082
-15427522563653 -22114786644013 -25546465512482 -32736240767535 -17355962875929
137103946006153 149383257507595 141008071280791 151659590177466 147733990063963
-29291677002416 -28436978505005 -23691039647912 -27135603418968 -23794118862817
125649268275746 147699630367366 145062520450405 146565759001713 155327492290366
-203151953111039 -224180112994303 -209925116540192 -181810260619904 -202812650696245
29961691909022 30103425829993 30090540926731 27852862964504 35673998412997
217290985465504 199015899618673 214950228286824 218283122908116 193097434685726
237850993869954 242218975609457 233285443636940 240921895487720 228775727974928
117317031633777 114048561524672 117841017645408 120181774823034 112807315973593
243949847478986 234973365829592 225198020267003 246526827859777 223797860927722
294325518843342 283820028834173 285632505034560 294785080342904 282630322890957
-284764921623397 -265690971861386 -280074817335872 -279903018645717 -277630980942204
308975652338707 309448098745752 304921203214303 305071527067634 308675004628758
-368370755046366 -368499604064643 -352410656572065 -368422294654520 -356602544656054
357483012909451 336128435511401 349447129097194 356598249643261 357697761274494
286736311580390 277184304312793 277124174774855 272275156693551 276660318302752
427482389943954 422637666834324 440672234509799 431390810184604 428719340525980
-407437777522551 -421447960841056 -424093660699523 -413540926048428 -430308478373766
460278760246558 454819856815926 449640126252258 448867032142318 447479757702547
-485159505713620 -464616677137237 -455769044505884 -481096466646434 -489755120717924
143593641486499 140411070718425 151315992682646 150929445626555 157384781478349
-341338230989971 -330867100722709 -342038310656958 -333233627703564 -331163453464930
-485000592054942 -462009632111749 -461966682443837 -483772231408261 -457963772924350
507437501036891 483295489858862 501497561261907 481848085886764 499655020298209
-458307370327948 -475968275852894 -479241040926852 -470217314644450 -472321848613470
-663486547902297 -661987604314454 -665891729588988 -666445780368702 -661480798176216
703403973916792 684063736176287 685292096826760 697030242444444 677917637978215
200364519160077 186470299964991 189906273800959 197259257807194 199484050867504
329445466598367 330424719140530 315826125298333 327894983405180 327830558887854
-364904716597794 -359188115120837 -360094353224562 -352831563526399 -365673515737887
-774485682739806 -751082405947256 -757829799568358 -766432619062213 -758993735705574
-623118150147347 -633035229637732 -637355966731942 -638068931304258 -615004956926360
-574722458626622 -541140109337546 -540525929017903 -548965539754337 -537785739883765
-823169136902883 -808102391630265 -823186316776258 -823336640631357 -809919162797945
-523947355581298 -520206439066066 -537455027731301 -534212327418278 -543540996383422
559539749210491 569985109675763 565449624209146 570534865488602 554166745125157
-670543179317984 -673279073485663 -695660148064096 -698554956020450 -687426695759342
-953929416235672 -963829315854551 -957361095103682 -953422610095989 -958735484641196
-361172389626616 -348738459306065 -356409270899464 -347505803689016 -351422813864856
337537185065601 340015381190232 325373837677031 335196427886386 317488277724597
1057201905014815 1062944276285639 1052082303996756 1053400858957932 1061325073618293
964877287817525 944879920090869 965238065070979 969365528644438 959336780009373
462804201218884 472132870184471 458187111378203 474834404619580 475332620822051
1092931737973148 1088615295839911 1073801953637519 1092863018501900 1078590842174013
-1106864611686754 -1091003297462862 -1086910193629740 -1109806664287463 -1088125669373813
294428598346399 287161513678420 290829415752605 292508747965811 289901702814069
662404216367324 651159991981829 658199443384207 656408442022484 678213990980573
1263154176746651 1251982966807002 1246498293572214 1246953560108091 1249805418388765
1039704208354535 1019127020035967 1024238031119265 1027841508684842 1035168722888962
1115428776731048 1117163943516155 1108092972587663 1114256250660292 1131075342586723
177287660349712 205441170977850 180998512095762 184859687694744 193724500193161
1279792880113996 1303999315792687 1304158229583289 1308655060345608 1305927756110305
-703451218855598 -698666625285674 -711641721484822 -693147592313166 -693658693418127
965813590581644 945966546708286 969984003824670 966938872011624 959499988655969
1307619973271321 1315436813746082 1331384027320639 1319607226994112 1311790386515111
-1140489910963291 -1133613668321363 -1132720315125101 -1133648028058660 -1134073229823592
1464772826428866 1441300830157358 1457406957516430 1443796206156357 1456672518108136
665406398581281 677183198906002 672836692003661 650275228796340 675542521399733
1332908740406919 1318902852047946 1320401795640204 1320861357140395 1322171322161513
806861145862030 815472555286893 810121026033480 827163456264550 832540755319292
1558553437433046 1551788863939756 1558914214685120 1571219295990433 1552059446880381
-1270004649777730 -1290792291489341 -1282803652315960 -1275381948832437 -1266414057116017
-960028269569616 -944751070899870 -955681762667662 -954814179273586 -942719551367260
1585628911330200 1575432658969644 1577554372815603 1581213684953700 1573615887802873
-950016700785367 -921218945070918 -921742931077777 -926192517198863 -910537361401845
812148251244096 802218286845583 811946387777341 792503070829222 813157568553312
-1589288223515085 -1579903719973281 -1572284447988032 -1586131422552132 -1586376235686590
425790172436499 393466248573665 409718404815202 426589036355200 407824324238821
-1715813664908678 -1689575709696856 -1712987576425031 -1718472249668226 -1715165124845694
-679236193334273 -681714389458604 -674305570879830 -683166088408350 -687860487663897
-1689614364332670 -1680182616149043 -1687054563826672 -1679439586811020 -1671304918752212
968540894710654 953444084666352 961621702395217 974631158338517 962502170688757
1192162662588539 1190564934749177 1182975727542134 1185561297853199 1191453992983207
-1654039150186602 -1637443396550754 -1650242399093639 -1645556589772989 -1651977565880378
1680204091228956 1665154525817228 1667963434434702 1650671896099370 1667671376657492
-1045811652008046 -1049230445970000 -1055621357307425 -1036985494211707 -1047860351404243
-1327853563799417 -1289847398194689 -1314831222958457 -1315681626482680 -1320152687437382
944987294743316 943634380038276 943290782660650 936861216620635 951103328172289
1320156982941569 1322098308154647 1313723121930491 1304841129564039 1323781935335128
-1598823050928106 -1609783807464347 -1608108770219191 -1600734311374774 -1611587693725340
-1437847676298988 -1422931254876915 -1461616025313647 -1454963120973829 -1426066581005683
-1363583397249949 -1362093043595937 -1349736422687578 -1369708020609930 -1357686407151287
1691027408648372 1698075449978520 1695476994764603 1711291064347804 1688905694800699
-1356453751535361 -1345759282970346 -1341722013709928 -1349122242365464 -1337255247722336
375878357492548 369384366941588 379645043813944 390399641920606 385065292541225
1623304364275031 1637765519160014 1624317976561974 1630068937768779 1641373291688522
1666498850490324 1672004998558745 1668676398905553 1677609930881434 1665227540168167
-1304918438957629 -1296427288608884 -1289903233288123 -1302289918974921 -1299472420422368
1391900116598552 1403019786923802 1399794266486231 1398226603424091 1389963086344858
1582622433998363 1575866450445745 1586994710707652 1595567465432046 1577064746318728
-1188915667286091 -1182640720062505 -1190663718974776 -1189525552635849 -1198789797096000
567146136100785 546195285632327 567086006559485 563632852852617 560364382743029
294651935993993 269904334436805 280083406922249 287990441714520 273765510032599
1042109389562802 1035555269468997 1043423649555309 1046451601502964 1025526520830764
1648601721686955 1646875144832318 1642039011656264 1661048536912307 1642339659366101
341475669456772 345246650741561 345530118582250 334895779561167 341119187173692
-772518587999220 -763859933931140 -780730565468755 -755587826923387 -766278000519495
-203864918056463 -224016904606055 -219520073849517 -223570228008215 -208280144432240
-802561884237017 -794379971534877 -810052307196093 -800826717452982 -810121026676751
1614748789425791 1604324903798365 1616969287517739 1618386626721711 1617471798693873
-1579551532437104 -1578671064139923 -1564867039248191 -1581295289156592 -1594227435684588
1637984562572273 1622582809846812 1642571587647280 1626353791134042 1627586446747231
-143065361008576 -158557308046027 -146402550599666 -145083995638662 -143877109824860
-99127844812843 -88145613439180 -84606560385760 -116921894321564 -99411312653757
1566241428759173 1568333077837680 1560679446112918 1560975798858421 1559987956380998
1606566876840450 1616325042533785 1629201354491197 1634539998840574 1616303567700918
179031416391275 168182329005153 181857504875111 177738631231354 172777944009011
285125699283352 296292614249754 291761423752675 305389354985815 286959650314526
-1168905414639775 -1151274573887869 -1155608195887188 -1159843033643033 -1150793537545607
1531306164781350 1516119160420439 1531134366091022 1536868147428578 1499622191037362
-1573186390962974 -1563857721994167 -1571343849993674 -1573121966453665 -1564708125520291
532846527302515 514584326360357 511174122324650 534805032387620 535500817093190
-1536760773420319 -1518751975546181 -1528188018699220 -1525177246622644 -1519224421951344
-1075988091640401 -1060470374798575 -1074416133608686 -1067157638877698 -1066874171035130
1176928413521427 1170275509174071 1161934682691015 1163205993008337 1165074303779553
-1511811308391598 -1507194218546780 -1514792015695834 -1507563585734422 -1493957129340386
1312310077605353 1302461717600125 1300576226952009 1306236993852125 1298355728861877
-1508388219413745 -1506824851316766 -1513902957417299 -1517480665180825 -1496336541177702
1513709683879013 1484959172797215 1503169834132270 1509586515274726 1495657936332286
-1428282784240748 -1418949820303191 -1435631473287753 -1428639266524806 -1420100871538955
1406838012537035 1387811307412409 1400378381722430 1414650558050063 1394270938226972
-1364163217460140 -1335709059118963 -1337976801854645 -1341520149872944 -1357042161680858
-1405274644455382 -1400618899908414 -1403217355118531 -1407246034442461 -1401370519181485
1314062424214953 1340532307653968 1330503559021167 1325740440288744 1335563030495074
-204277234197377 -184305636277151 -190503274082937 -194781061509568 -193174743742415
952404702674395 945683078852969 958580865642015 956317417878810 942126845932145
1418619107975127 1422866830629105 1423502485790280 1423068694090492 1418279805556774
-1395851486380312 -1382665936779298 -1375974377731699 -1394477096846097 -1400283892630480
1425216177654448 1419259058012683 1417764409392577 1412601858707002 1409530957087666
1362857547648331 1349895336346084 1358665659563970 1340553782475094 1351557488692491
-829298055039318 -830320257254226 -818607881437785 -843613181036278 -827330960012749
1367577716698210 1364631369128820 1373388807445405 1372860526468835 1382446893473797
-1472048501080176 -1428411633347857 -1456470654693458 -1460666837745211 -1462423479367627
-1434738120184125 -1423515370643010 -1426719416245414 -1434570616463384 -1421690009538155
1375553470945158 1361423028539452 1364326426431323 1359249775088181 1350848819056949
-1220758554374794 -1208346098887330 -1225525968076305 -1234141672468266 -1213938146312819
1374273570582225 1378645847288834 1387042508352719 1371675115370937 1380604352377447
270312356393570 248360778542963 261602162717657 270187802341704 249417340500297
710241561601051 697275055331965 704890032349400 704628039345563 706865717306636
1160796516280346 1132307998201500 1141353199331444 1151472142282526 1138600125295058
943346616681682 922082233599947 932042262761009 940473283568235 927373633309029
-751876975079514 -761222823908667 -763168444094616 -754191962449953 -762073227435550
802725092867355 826218563971960 836122758559318 828490601678362 828718234939389
-1168471622618709 -1159301867442076 -1162785085918233 -1166641966550456 -1161651214552513
-632446819012325 -618625614254830 -620919126793091 -619441658041187 -624552669126161
-267585052226161 -265690971647690 -274495654606310 -265059611452428 -272013163501846
737974165891746 721992592583147 734353508461857 742294902989803 732283334221562
71279276996334 66297114936558 63239098219125 75290776450134 68457483483886
1018409760331562 1016550039492562 1019818509604274 1029602445104820 1036723500879502
882194872427917 877685156767299 889681000423087 882615779221615 862893289397958
-814123935984822 -803158884477351 -794672029098404 -801075825337029 -803008560616528
846568118706894 825561433666374 823693122890927 836135643153546 816262829471339
281277408415235 298306953741461 284837936304568 286169376163790 283832913951854
-789281844933130 -788349837030349 -787817261085799 -789191650619534 -779334700677712
74655121345198 67525475633837 79508434388242 73319386516546 76278618983248
787241735579970 781323270647034 795999173893365 792275437250118 784673345132888
-702214267928609 -708789862858302 -719467151553416 -721756369123779 -708059718414544
-403769875630743 -394239343202179 -397293064951127 -400522880357014 -416341244907298
-582998860686330 -592808565989446 -584854286557985 -583269443624316 -592426313900360
96915936840782 89395449101121 98182952192342 101236673934831 117467355348475
76484777413241 65257732904200 77360950740896 73035918673957 85658827561558
-481379934384923 -523994599899476 -515267226359301 -497112399590172 -523324584997413
512677361081243 503507605905211 505418866353897 523728311933520 507257112356650
780043370367572 786228123270782 782912408517897 788813693582253 780511521802142
362692808101185 358896057017783 373550485427409 363946938557798 372335009682867
-1011469093250497 -972402070721148 -984582597980747 -963648927371270 -990578372330280
-1199227883853539 -1240730152819787 -1236125947896236 -1399308935326817 -1151107070227104
-6240587482614872 -5612457105508290 -5620329780571157 -5837985838228714 -5920204397169409
1469484405408286 1416055012248484 1413447967098884 1433329370714011 1423618449654109
911387765275586 929692915887778 924590494738422 917207445962091 934490394353331
3131396231232619 3118403955157393 3135566644475005 3127191458253225 3110690193897975
-3097496054913831 -3093802383032408 -3072391971061170 -3083129389307486 -3078052737961417
2337956857757638 2349415830497723 2319844980670004 2320841413086838 2334220236210804
398113403167331 374151780627114 375294241925738 380907764179160 386804754275750
-760638708387712 -764005962747854 -744747329396593 -750691564135504 -743059407244738
867385825352973 932785292353492 891265843523400 1004661570087526 931737320305933
-2994567163473360 -2731779589357878 -2761337554298257 -2841361384993969 -2874608726824110
243554709716758 197697343889132 222586679365497 224596724064143 208486301738959
76098231047796 81466940168539 60395830614826 79559974690085 81385335789539
-311058711090394 -306965607255765 -298633370704926 -327370996879310 -312420215724863
2120202015230203 2078566602263723 2095278320016352 2107948473532648 2080735560744004
1120252024406879 1087094876881345 1106890381150329 1109312742703515 1093395593905180
-1148452780528517 -1165868872910584 -1161573905613690 -1147426283341872 -1175412290244818
939227742984620 927214719450182 938321504878970 934705142418273 928069417945117
-1381781173117158 -1368870501422014 -1372267820559793 -1373363037209881 -1368724472535130
2416219751597025 2350953428560592 2365247079719539 2374571453723311 2379450536568972
884694543435726 852426454136872 855149463407875 859942646912817 867437364844118
-398560080508542 -416057777270987 -400071908994831 -399517858213815 -416693432430226
-1000791804153166 -986777325871677 -1014969491201917 -1019393307516236 -998979327958752
1781874557107546 1795352164474141 1804582049200057 1792027859792895 1789364980071719
2545274928945149 2532024954825639 2561621574467196 2543385143325188 2527833066746689
218631015680931 171446504957281 158076271763775 187930589445967 197615740700517
-680855395331661 -682440238258726 -657327564481633 -701024561749960 -668949745980985
4048930094341136 4016468731508609 4032415945084669 4047559999768200 4031105980052530
880348036545055 878535560345313 880708813800219 895921587959168 892945175626391
400978146576806 378369438741825 420146585626707 400132038029342 392753284213654
-1043320570965802 -1105730740740027 -1140803443683572 -1074819861114822 -1085080537981012
48971217264644 53691386324469 62654983072403 87625922927658 70686571912982
511491950124454 497224068766111 494273426235819 507927127270279 502601367817861
702132663812023 701973750020082 716147142100041 707007451692895 688440308069498
-627988643256795 -613390049420407 -622186142438714 -618604139718584 -629972918146744
232843061875606 219618857572224 236304805515553 244456653445097 233040630376218
-234642653161474 -210500641989584 -234213156426636 -219962454943018 -228548094567105
-768575807709579 -793121545803646 -773759833230003 -783157221680252 -810730911717805
-358213157326981 -368684287597621 -374040111811588 -358655538962145 -358715668506316
-372897650466221 -367812409187659 -359875309620590 -374164665818973 -364565413913984
-536656163548026 -512037410999015 -541290433260216 -517745422542502 -539838734310001
736153099514039 750262067081372 735521739318532 749072361142136 755776805085720
-374246270128616 -351023381959636 -377823977889568 -361528871963596 -363800909665323
749832570416228 744566940506706 757872749191395 786283957850853 724363414347078
1210360438835260 1273844350440553 1260066095355341 1258472662485495 1220676950281927
-747934194824675 -711774865153196 -706827062828044 -707050401128359 -733180982159599
216994632558035 199685914352714 199149043440864 208357453321645 190151086953798
-685773133116466 -676371449704426 -687856192255255 -683960656923390 -689556999302838
289807213503919 357203840300313 316612104390903 339104848121408 322122547418646
1064151161478217 1102092902559589 1074261514480540 1078444812631905 1085162141477253
536544494464128 519605143444307 500801776620972 488883242374254 503468951310136
-571058851800447 -606883174013299 -598314714262296 -570423196638397 -576431855886790
-949905032097541 -959499989030517 -964636769917883 -959688967598013 -947671649101161
729521670082324 639267227322227 726901740040470 727021999114546 600788615326375
480542415055074 363427246850455 387878495658465 430364312149150 438855462484464
-1102281881860129 -1091673312637583 -1117241252954470 -1085836452086532 -1088245928737170
265235705219816 256327943049126 260429636819695 258088879637354 262345192230738
-4754529117502 -117712168982937 -5789616243861 -153557966095657 -126439542484583
5065969759399683 5040732531738546 5081483181438367 5054957463362436 5041522805637788
104749957712181 101228084519731 100107098057550 97027606509294 98779953169180
271557897385963 274225072072499 265854180818782 274478475148249 270428320983720
638502722924471 490416545517050 590085556596729 618836067659570 432447371933018
-1581037592447587 -1669659947652096 -1659601134243187 -1641626696107717 -1658836630053205
1856890455796959 1807408137572975 1821761918282748 1838611074983526 1814769711520868
-952718235544925 -916163768883974 -961020407329125 -947104713284916 -926209697399635
2240538409855588 2221408625512977 2213810828367530 2215498750519320 2223049303020342
-1229687791767516 -1232844592724120 -1229546057846021 -1240266296220123 -1240661433204355
-662820827992436 -643832777576926 -679214718158428 -659539472975836 -684351499046515
-2012265192510866 -1989089548981237 -1990635737206401 -2013527912897429 -1988148951141771
-172902498770691 -164806485415146 -173297635760584 -170372763033401 -165330471426209
-1126715950664664 -1122189055128553 -1117687929406238 -1120960694486954 -1116597007714315
847925328774148 829229336132281 835822110927282 821141912710528 836294557335268
-1050080849344582 -1044325593170414 -1041649828546166 -1035954701912398 -1047585473349139
-431695752573612 -429088707426969 -428667800634608 -421860277470135 -438898412732398
-1114720107171028 -1098321922038324 -1103939739259462 -1108204641782423 -1105052135787809
126920578789283 133783936528364 130287833148862 143185619937947 143121195425336
-626000073553977 -621799595534853 -621279904495941 -633421777037109 -608253268678933
771646709553499 804765202374488 780421327734839 730032771427862 871753807296422
-20237886016905 -85611583259214 -80672370867959 -70089571444006 -46600395296369
-883685226100882 -837355413882879 -861823842566216 -859972711655545 -866982098286661
219928095624141 235978388409962 228926052111842 237533166570585 223157911038173
980596868617134 1006035959904714 978573939017910 991239797571462 1023396217712885
-333005994305160 -326241420818623 -311823215601004 -332224310258710 -322113957241390
872904858249261 880275022136821 886339515957539 886786192558830 867415890051806
1504114726797339 1493450323007946 1500734587542020 1530163703447937 1495125360247440
-399444843451628 -399908699919685 -409881613977075 -408283886142185 -406540129420990
401480657849565 358573934557076 366755847260200 407652525849196 310835373061716
-1039218876977557 -1071233563212401 -1075876422855601 -1058245582108204 -1061402383064681
-304556130827663 -286538743022900 -292169445146672 -293969036441487 -280603098216156
143816980037843 131374459777205 157298882377795 141686676258452 145449067606906
-407699770483768 -397550762769025 -393169896126483 -380181915019378 -409142879499843
209577224302375 195927818233852 185362198688663 195223443597566 205239307332121
-254034430765838 -253012228554231 -226851582753913 -241162413785524 -249769528241675
-165145787369073 -188905546453847 -174964082610478 -178249732589104 -176372831885374
-13048110785489 4260607413019 -6773163565151 5587752312536 -26023206985908
271781235625006 263221365801520 257075267597222 257290015964370 246333554393388
54365695906169 65940632770458 65137473886372 47184510584972 46772193726757
-114332029544785 -96473555530752 -110586818061999 -79770427714797 -103255308894530
-568284302687937 -538369855464371 -554634896617012 -553668528972528 -555081573215393
-546787991499724 -536136472601390 -548944065084732 -532223757395891 -557976381305362
543171628976146 512179144968822 503997232273363 534001873802372 512106130521810
336545047552141 340526482225549 345474284555301 341385475694235 340088395567446
-224532300378096 -204345954085106 -208898619419239 -205428285844944 -209203562094945
-292878114815414 -284700497087036 -298680615633666 -293324791418905 -304925498083899
-105226698659894 -79186311946030 -92015379259451 -124532576653323 -101356933121615
496592708671423 496403730111420 490760143084106 500367984928817 504186210849841
128866198637774 101296803577362 111909667763184 131889855620002 116599772049237
-71055938882800 -57488137194245 -60722247567394 -61838939066562 -60425894824824
-208924389188286 -227637561696714 -204552112484021 -212064010283721 -205909322150333
171433619665462 168349833153419 161890202339519 163161512656621 174869593508913
-128595615864441 -130803229056259 -140084653381308 -138031659016138 -145135534920444
230270376578335 237133734318180 225837970329175 231962593694109 239749369399245
82330228157465 77919296743787 83313775668153 82746839985524 69707319271686
258411002348029 270999551492902 258797549406187 258230613720493 256121784778813
-278593053664505 -270600119525609 -273555057023767 -275131310019198 -258471131881624
-80058190457367 -80315888495289 -85237921015457 -80539226796753 -76184129952924
197388106952726 195854803627854 203615809532066 210041080605183 195073119577620
-116208930185394 -116213225147357 -114130166011707 -119932666828317 -110114371587444
70514773118938 77678778568691 67211943270706 66640712616547 74040941270617
-256602821090010 -252818954900210 -262246408117023 -244568322727688 -244508193182414
-106167296641354 -92870077897082 -114628382215202 -103152229600504 -115375706521282
42670500143882 44723494507721 39891656301235 51118700812907 56384330716588
-279868658937333 -277188599346587 -276595893860930 -268113333447960 -294828030029447
-356413566153456 -375972847214759 -369027885100916 -356576774910524 -361009181157181
514983758769310 498619933367207 509864157747476 508975099520301 496880471611723
145225729129960 145534966776749 132723079335276 159008279181583 126684355314914
387968690853366 422221055036811 380985074029443 390829139078816 417303317479684
-405900179490912 -373743759338365 -362778707830707 -375504695930840 -395356034772582
269930104637241 264333762252733 261121126716936 284606007885217 275938763886111
222255967650262 228419245728343 215770567034849 211402585299684 249022203847340
825144821759093 788706319209074 794723568395574 795904684405060 788968312220513
316423125552231 321083165068215 320907071412015 304985627643196 308305637363613
-157728379000650 -159987531796837 -184245507087031 -176767969023920 -156779191226608
-89120571304058 -69934952395917 -89777701306484 -97207994723180 -94046898792024
-286392714317641 -306660664984175 -316891277083570 -301519589133127 -302142359390375
-138809048035107 -126525441564563 -129454609262317 -139491947833650 -138920717182763
286504383463407 283618165441916 289205917895943 265407504105281 272257976944319
6330781840738 9530532475606 34578781747410 16260746230517 21303037832881
-76519137317368 -53300544117050 -51814485434094 -67048734436327 -62367220077043
-257740987410433 -245637769570444 -263337329799328 -269358873946901 -263461883847300
112231790391304 107176613886422 117153822913943 110432199093798 107447196827651
-108503758820137 -108615427964812 -101554501730395 -108581068229641 -107391362287806
22986664944551 27049704007350 25464861078158 14972255972096 18047452556813
-62981400446173 -76360223575082 -56281251466456 -73697343851988 -57866094397585
130665790026483 117282671935615 119683558651307 123540439283975 111806588630994
-62551903687931 -53403623344891 -59339268153898 -59261958740528 -70368744167350
206970179006561 190945656029298 200274324994481 193221988696594 207988086256279
77279346537511 91839285668429 78713865614874 101975408488896 78258599079669
249911262053443 263530603346502 283540855976183 257874131418776 256435317371881
-19941533142751 -14297946109152 -16346645510809 -15062450293361 -23549305668014
130408092025489 134295037429580 167705588030371 167078522800851 126619930872922
325025944972335 342789929725416 335187837617210 321516956705654 322483324343705
-11570641904473 -23136988832066 -20942260543380 -24343874642117 -11712375823607
-70720931479176 -85023172576615 -78456167578890 -80161269596484 -83442624608429
-139891379708220 -117149527872118 -99295348827612 -105188043953839 -111458696206106
20478404051654 326417497589 16015933027104 2503965913908 13816909774208
-83120502075827 -82403242540123 -77378130803383 -102666898238997 -86474871534699
-74766790715801 -71335111843864 -71253507468510 -90031104484332 -74461848034253
265673792018134 280615983244115 254455337441954 265703856791072 262632955173958
-154335354822179 -143696720828393 -153609505350043 -147261543685732 -157526515524818
110990544886144 114246130091569 110299055148519 109251083128203 120405113195502
63784559347877 43168716324985 53334903919877 66352949789132 24335284730480
124846109348300 129424544474606 137473313185407 144383915570218 142614389042801
-162491497693387 -160051956267157 -166021960810377 -169518064190634 -178782308645103
-185585536874693 -174371377265986 -176321292416512 -187990718560165 -189433827572158
-75265006855252 -77970836248264 -82596516027748 -79607218788191 -65837553635427
233221019182724 220172908537672 232563889187150 223660421980997 234513804335826
25877177916515 16037407840989 29923037108159 29055453713287 19172733971009
-27410481326930 -32749125679144 -21324512671634 -22664542465052 -42125039281161
103044855418764 119043608592627 101936753855759 89073326807172 115388591425834
-386190574346379 -337172112595523 -340006791013087 -356138688177553 -353312599693039
-16166256861274 -21062519578319 -10415295651975 -5729486332706 -18721762400755
135841225654729 142507014901559 135441793700385 141188459941868 152514288700972
128002910258819 122827474667473 118897579594340 129119601756483 132869108206208
344610996009701 319090300335843 328796926423660 334573657439156 327864918520316
263972984968390 248536872507555 246458108338635 265867065548333 243408681554301
234655538239079 243988502172536 232727097923367 231524507083040 217303870362191
187943473961959 200394584148785 200763951337236 203078938712165 189051575525207
455953728234671 476384887668877 476668355509228 483578957886425 477544528833437
-107550276141311 -108619723000300 -117879672488489 -135360189379763 -92745523871741
80917184175116 75638669384528 58879706997100 55147380415302 97899484868876
-1130512701644619 -1064988680581067 -1062699463010943 -1094666904598098 -1094666904594798
155890132886662 169689862808251 152119151597600 179868935300640 170694885156007
954719690362369 974150122433956 928967066452273 810855465841094 1136053209634520
2498588635404161 2916944219850966 2870081831683688 2776146601945403 2703355496210942
876431026492200 916189538738692 902480003142493 851571755777248 967686196613670
133191230718674 122522531953202 134282152410414 141733920669373 105076374795546
-1485410144397308 -1525138591860616 -1504320885398962 -1625013761384275 -1444659494648996
3610783300069000 3679799129647557 3717345733742488 3663766016700950 3626966736890904
535234529385496 554106615690417 562803924460365 609872471049090 556842509866623
-2537694311690842 -2591076460192876 -2605567679852317 -2594469484366044 -2547018685679488
-482797273407576 -453458351807449 -469804997337497 -444292891601077 -445856259690398
726326214278245 735994185648443 723890967816053 739584778314641 735298400939814
2183445409964437 2215773628799084 2194565080295800 2217032054220837 2212814396329708
-1661744321782797 -1654941093580435 -1669921939510410 -1672709373286494 -1649151477664308
-146561463698690 -132233452803194 -119825292282819 -132705899204874 -116930484323555
881726721446549 852319080365497 859508855622440 856206025772073 875499018861891
-1531035581857114 -1497740995376808 -1528050579586228 -1526156499010361 -1524786404439952
1692105445568738 1681234883340383 1688416068656541 1684103921498392 1685078879070187
679034329710563 689230582071546 686172565357980 679064394482811 694448967334585
-1446347416774644 -1430065195756238 -1435146142067119 -1438092489630970 -1433196226912691
1938932920920666 1930957166653948 1932606434098201 1940835591440177 1915009953087689
448441830362831 455670260324864 463504280669360 446058123517187 439542658126049
-631746739786659 -626515469621047 -623959964078104 -632579963444358 -635105404212373
-945863467398122 -937406676791346 -938845490833222 -941379521538672 -925230444507181
1262308068261126 1246378034559114 1252013031653391 1258618691355753 1254980854052994
-450649443457513 -442738113698977 -459621630135465 -452844171747839 -454467669382853
-77567109148550 -84035329889278 -80869939001377 -116964844154764 -39346195170999
220705484308444 319532681821855 324218491141205 298160924543656 259751032012039
542540268793602 568666554853118 560037965558252 546173811123647 583269443664926
-220993247400968 -215654603052091 -222724119222887 -200824080978866 -222165773472530
762103291930220 753865544661025 788324067277779 783642552921365 768442663666143
-577088985817993 -595690489178368 -580009563584088 -601978321299653 -590484988811925
-342948843671119 -278837866852603 -267172735686742 -294497317619404 -238877491116133
44126494309384 145006686156067 83743272646272 119400091150086 85753317338924
-150431229354511 -85740431951582 -149516401328547 -95790655420238 -141106855354478
297959061339825 289433551265428 245195388111798 247214022746812 273623776643389
226546639823416 200669461871377 225683351398879 217780611575984 228174432431575
-699413949337223 -694311528191146 -702076829058872 -705414018651175 -695939320796162
-48580374909207 -20229295795448 -37014027985616 -41940355472920 -29502130182934
455051784923221 453741819894615 455120504401414 455678850146573 443339409106780
-345929550788860 -350387726839637 -344456377004159 -343975340668564 -339809222391114
-228689828498087 -224072738654111 -234384955131954 -233328393177979 -229961138816270
-707634516942244 -677333522669030 -666918226977849 -688169725159928 -682199720614123
609198161366356 599521600046530 605165187073757 603606113945914 604100035184883
-396017459394271 -374499673240817 -393307335030696 -392070384449414 -406226596656499
404762013063713 382196254889139 401927334647939 400978146875229 377016524328012
-63398012100173 -19679539986556 -33771327685484 -57702885460826 -49327699230908
1257832712272502 1199953732988744 1209209387510924 1237264113888177 1218087084911700
-441831875510980 -443378063739407 -447909254235523 -460463443640547 -452663783031677
183077275800088 184533269708449 158527242734832 172086454486149 171850231279825
1096178733844823 1040026331415044 1052748024546355 1071899283721172 1079363936877557
1029439236425087 1021386172744742 1034889549921836 1022696137771350 1006370967079539
-329449761617431 -340358978539733 -332812721006508 -321048805584499 -333667419496580
504924945082960 490442315362566 490936236600753 502790346339348 494221886584878
263917150587247 279821414482905 280869386506959 259364485252932 275715425748557
-569809016329844 -580378930840646 -574052444018993 -570706664494472 -575486963092388
-714815701951298 -690149704768968 -707290919245958 -701385339212452 -693873441414563
135776801309118 134913512881058 124863289408776 132834748710290 127345780504354
-130859063399871 -130674379804781 -133856950570112 -144907901422484 -126246268521092
-669804444869800 -680576222843686 -656451391544264 -657538018270097 -669082890362442
-520034640326605 -534500090181726 -520077590000770 -522366807570232 -527890135513367
537283228980297 550760836355470 537145790024859 549154518583485 538490114786593
517023868003402 508442523344056 506372349112798 523685362279202 515825572129695
-560480347333362 -556047941082875 -542016282927339 -541827304368660 -556477437815754
-627838319232299 -618213297523906 -632287905352814 -633103949139002 -616929102300821
445727411143268 435157496621989 443738841282954 440139658688399 449554227003465
-469860832369180 -454386065202424 -465209382787405 -463641719722960 -473807907312229
-677496731180112 -672699252710249 -682813900692403 -682955634614366 -675770154325580
328577883181374 320477574860085 332915800148299 322204151714326 325567111104765
-634246410599292 -618423751078650 -623161100007439 -636746081568360 -633078179494011
-664384196035911 -663881684858877 -668704933129372 -672686367811607 -658044824299772
-167400645479645 -178533200711317 -179594057634830 -185491047730368 -183678571532318
-281075544897431 -269290154635822 -273988848859180 -275427662901312 -276479929891929
-21199958413791 -26315264469402 -28424093411878 -34063385469859 -10127532729363
309104501183198 321370927782344 320219876545235 327169133629750 321400992552617
-60851096806745 -78838419841439 -74908524765179 -68947110156075 -83279416022401
-275032525910255 -279774169800099 -266829138373750 -275118425251729 -286190850940842
-259647953061045 -245719374112346 -241901148191791 -259343010379340 -250276334416533
-596347619060542 -602571026672535 -598572412121333 -603747847716282 -599074923292338
430845349219203 433624193058140 445675871290268 441346544257259 434169653909292
-420649097079176 -409787124782787 -417183058472155 -424016351440775 -428435872788067
-414631847902463 -397963079826670 -405363308476190 -399943059749817 -410293930931881
593186523137816 598319009054238 599268196828319 599646153950073 596970389325620
347888056131503 360412180765226 330682417145703 325893528605647 351508713555525
353119326055533 350980432340823 351710576781298 348343322423301 354163003110236
408395555378576 406303906312117 419721384140739 405882999512091 415967582723660
408850821701179 386121854769596 404435595321773 406162172170552 389300130565628
594861560424817 611779436601474 614395071686799 617573347484094 601952551432260
-563723047489415 -571191995617373 -567670122432462 -567902050667684 -564182608987477
-502180461227472 -491069380830841 -495149599764162 -491215409717640 -490124488026489
-49782966066916 -63715839971210 -62461709521151 -61795989593663 -62646393113809
-590931665352913 -579318073783402 -567047352219392 -575255034721642 -575358113934395
-214572271260364 -224317552055585 -214387587668826 -221826471024196 -226233107471158
-476483671747102 -469418450545266 -457100484341573 -450842716992317 -469680443551740
459857853342484 448493369877389 457714664661188 461472761045819 446573519498079
-460682487070183 -465617404497013 -471780682568817 -458788406493548 -457929413034530
-495119534966460 -477458629447803 -476840154154561 -482934712747826 -473125007443401
-348545186088738 -364432270118162 -353535938087129 -349687647392419 -358415020937109
-480787228991696 -459050399507120 -465617404506744 -468297464095702 -473850856810958
-371471721516867 -361228224510969 -357659106693053 -370221886032134 -354193068082259
-181904749986386 -195674415140735 -183790240630945 -200957224911937 -187247689302807
-124472447091403 -130932077908623 -128196183738871 -125108102252722 -106446469353122
218424856716658 223918119886741 212845694197997 229699145867544 216298847904422
-414524473678721 -413996192697712 -410319700693793 -401484952963043 -407875864304117
-235664855429702 -222612449815096 -239895398216866 -231954003683547 -233899623869933
-241621975272625 -251148212737247 -247540440210578 -244679991988321 -253458905142482
-415009804973051 -428775175155570 -422135155716825 -432481731932396 -414159401448881
492649928702074 487367118929004 486482355669650 500514013819913 483351324507161
-114619792344086 -99449967850176 -107150844214768 -113344187054236 -100759932876996
484541030435496 490257631905039 476505146626109 482634064959262 494359325672538
378446748401567 355095011211535 353265355143628 366566868861860 355941119769942
244173185851840 246784525966006 237631950659662 244078696576304 252325033779101
508695926627922 507995846951363 496519694337920 496150327152769 491043611037996
181586922412998 166696270798265 175844551135962 174530291144572 171983375538150
-339315301369550 -340470647573258 -338078350785995 -337017493867331 -337575839613128
-464595202395113 -456726822304023 -458509233733660 -463637424683403 -450310141165121
141497697701267 135248520284100 144946556443350 144796232584237 143404663184119
-177154516170772 -182909772344231 -176003464930570 -170273978559411 -171991965474604
379898447343678 374156076065440 380392368579925 377823978138853 370818886476770
-366725782650829 -376080221423499 -369916943348668 -362233246863098 -375435976327153
279022550475429 296477297567046 299960516044767 297143017498208 311183265592567
101421357839338 115036404169540 119842472571481 104359115471698 102542344305880
-197242077996665 -196675142312482 -198904230341483 -196791106428453 -198741021582581
338632401400571 332752591175322 332361749150462 335282326910926 340127050020939
-181333519131723 -178172423202039 -173924700546422 -186367220802468 -172640505327429
375238407818802 367120919629551 385778257564647 384481177440610 380967894191326
482273287723323 470324688705387 473674763198697 474989023190767 472618201243637
324471894229174 321611446011825 310861142868044 302056459911551 310427351172934
-846108667336 -5355824327200 -13249974218581 -6893422618200 -20680267638851
-447746045671908 -440423126434062 -448828377430326 -438602060298222 -445383813657499
-318961451347831 -336905824708400 -329239308082058 -328638012664719 -329329502398389
-452083962595223 -452126912265108 -452680963049674 -450619378745993 -449747500388992
-428878254347605 -436179698748598 -435754496989119 -427757267880910 -430926953747543
453282258487907 446822627672701 452629423455348 443609992139884 445727411014481
-85826331372843 -72353018965224 -67319317295539 -71309341913479 -66357244620627
133972914762167 136687334096925 133599252612070 144525649411606 138426795851591
398070453935140 403984623903018 397022481917906 400918017256517 407794259894747
-350920302981862 -350585295530429 -352951822512994 -355571752564484 -349687647366718
432687890312867 448428945453758 421134428283879 435432374413973 421306226978461
428014965867053 430909773821842 431407990031183 441436738666322 430364312975344
13529147085981 -5342939212158 14104672701389 14899241652646 15513421975634
-270698903684183 -266859202920619 -262564235627268 -277695405405280 -267752556118645
369882583476621 385962941031062 373425931494328 382582801770685 381015138711924
-287797168490360 -292830870165812 -288875205283109 -294368468454223 -282162171399570
214370407588067 212137024590626 215091962088838 208812719906004 211020333096824
-325962247891486 -315259189389117 -317758860355624 -324871326196070 -320791107264554
-247162482896086 -238503828829981 -261447544124638 -243760868800121 -253175437113332
88381836916778 84297323019065 84370337461417 85521388700484 84980222817487
403529357289383 383884176874712 393101176690312 397001006998884 404719063226115
-426103705413306 -421641234389446 -429891866566587 -423505250199015 -425004193785296
73499775237135 66151086189885 75608604177007 74672301309634 74856984901083
435501093900105 425029963633609 427516749694048 419425031310510 419867412945053
-92440581216981 -78786880178184 -78984448671920 -80479097296145 -89369679592647
-425468050306064 -409263138699967 -413880228542226 -429445190023792 -425820237622127
135038066849400 134647224826816 129643587927345 123609158878472 125374390432986
-428697865665667 -426327043721703 -427688548355001 -445697346223906 -444735273552231
-418802261000210 -411947493196484 -409563786345707 -410130722027740 -418140836034819
-417569605391207 -417707044341925 -437768836587280 -431390810148157 -425553949593260
48906792701697 60292751000661 45857365920922 37967510999547 43572443319154
92732638785677 88532160773496 91345364355453 81346680485212 88579405411807
384674450945634 374456723747712 391391779796575 399990304323690 383660838663740
197096049301079 221289600082404 208469122702149 208718230805364 214190019141848
271536422469983 264531330811769 259549168749440 248373663842209 263302970165364
420842370532410 421529565300679 425699978544505 415744244353400 409241663866597
-358161617848432 -329475531277763 -349807906459813 -343365455515959 -331567180352818
-5089536349265 545460743204 4526895423799 3994319480251 -2319282443309
407974648517542 431919091194479 404276681678697 410719132622344 413914588292603
-370312080197216 -352887397876632 -357865264972621 -367254063484438 -358397840918917
175165946293700 184803852906579 166369853273607 177257595369420 170660525601263
434977107830747 413141494098487 412488659075999 415795783887244 423543904892108
442892732617777 442385926475829 440878392956407 434581970899507 436059439650169
282939560636460 298955493685107 289661184451136 291989056730180 294329813908653
-289334766940988 -298268298915397 -287655434727929 -299732882762965 -291074228691859
48434346300966 46991237289536 49207440415817 50362786614458 39092792430085
105445741984719 110436493981054 99200859533210 117566139691635 111651969727871
-48863843028233 -44839458672797 -53541062415217 -54610509270520 -51097226023223
157818573197172 171884591092512 165828687206388 173916110621877 167052752884650
439972154841063 432898343701984 423097228335448 434882618595978 430991378226698
4252017520447 7778185672890 2413771520087 14624363545179 18008797773826
-259776801852052 -259849816292672 -234835926763355 -253914171492232 -248884764791139
-338460602728877 -334006721645100 -321851964196737 -320649373354880 -328457623895784
329303732576563 334483463138897 331330957139718 340474942516972 339499984936130
331558590410746 335071873657072 326121161812595 311509683073459 339027538538891
-421048528933720 -419145858419284 -411926018394818 -430488867047327 -417591080256807
316517614941892 315220534817454 321860554257175 318849782181793 316723773368371
15358803144088 47699906882338 48137993548374 45006962389247 43074227106220
-113756503894539 -95674691575615 -104092827479008 -109620450388891 -107099304587391
-357637631725615 -341574454038345 -361533167064063 -355868105200964 -360785842756567
-2701534333372 -846108466566 -21367462206165 -1967094927776 8224862468657
-69874823033635 -100287486453083 -85242216016492 -78718160692812 -101855149516772
-238117281782890 -223522982909709 -227173705114038 -239719304585196 -212819924409341
-178279797406913 -178773718647180 -176252572844392 -178301272243559 -165111427677076
-318566314221468 -322603583477758 -317234874360725 -306531815861972 -307266255266001
333740433681453 323114684589489 330334524614098 337975271437271 320404560230743
313262029616822 320868416692981 309443803686734 309336429506490 317350838481398
97259534327850 96495030146901 84305912964187 85749021973935 99226629350574
383360190899507 387122582250287 375036544278310 386362373038867 389428979686263
207876417193711 230631153930866 222032629403285 203796198265463 223462853508924
-246505352918203 -235913963567287 -236747187220327 -255941396066421 -266146238365904
-26418343927019 -19692425138777 -28054726465586 -10947871728564 -25215753088270
91087666500096 69818988448779 80960133616635 84640920590764 86582245804535
303783036872430 316869802221109 318132522608914 301201761528519 300926883621064
324909980935543 327156248829585 329260782804049 335441240742678 318385925610482
-100068442947146 -95653216562635 -86255828126751 -120589796688512 -105368432594594
-360781547831425 -370917670650095 -354420701267434 -374555507946776 -352114303828916
219112051508785 226714143627677 219262375361346 222260262540053 222797133453473
196202696088017 193196218975495 201820513307891 212991723243576 211458419918406
296923974029230 291155832949121 294716360837532 284129266449857 292577467123428
-239461606684629 -236541028921968 -228951821710215 -237966958065009 -226606769564157
300463027153689 306050779607416 316818262616764 317827579932328 314310001718772
-186659278619161 -191637145717277 -189906273897717 -190473209575747 -189184719389617
259111082046797 263534898364767 260180528908806 263822661170445 274680338498777
322616468463436 314108138249864 304478821570390 319790379982583 321658690754250
-306420146772689 -297194557022934 -301949085815844 -299638393413175 -305419419390898
117725053654624 129970005414137 138714558831066 139491947910068 109912508141933
251070903171545 246578367383411 259884176064930 249735168348571 245139553340739
-246561187517523 -250366528539862 -238864606125234 -242240450420097 -254541236750485
-321319388325813 -304779469265099 -319171904672363 -323419627327637 -308159608524632
-176849573321482 -191486821865874 -173740017000945 -187393718035470 -177674207045778
290155105624422 296172354805923 293058503516921 301523884056854 299788717270343
-83863531355761 -84499186517466 -81497004373166 -98908801795604 -73753178340394
-215302415538885 -201829103126238 -230699873289939 -201704549075228 -209160612302550
-165025528469121 -158832185624262 -159905927450383 -159588099867674 -162139310448908
-192676527818299 -193608535721991 -187410897911312 -189936338686225 -204685256376964
-286044821923192 -265746806481115 -284051957097832 -269994529137864 -262486926303502
-259398844789469 -254425272660367 -265368849330016 -256048770297330 -258247793556279
209263691600401 211776247468365 194592083315221 200244260276487 206136955411870
-11940009142359 -30657476616495 -12927851618303 -8147553017801 -11484742611631
135282879935334 161258842138340 140110423173766 142661633750040 153003914997600
-58226871687457 -64742337075516 -54636279026788 -44062069546608 -62629213164532
97083440707925 103023380481139 113576115125008 97272419270957 99754910370229
-200480483464358 -212661010716724 -201631534701739 -196902775703672 -198603582758233
-231077830461738 -232765752605723 -241428701645379 -248841815197639 -222127118613063
211651693398151 222328982097712 203358111550539 207610129176142 204440443308531
217686122415407 204934364515270 195206263585144 203555680010998 209796267490884
-143009526028040 -128887673555043 -132272107787252 -140187732517519 -155963147395341
208619446450500 219236605605115 209113367693108 205488415295817 225563092432798
203078938633461 196426034299431 214310278116687 217432719340459 208288733966249
212935888590041 216543661120837 214434832182178 217595928110405 212094075001760
-212983133251911 -212231513971526 -200729591555151 -223853695476429 -209456965097295
214636695626740 192113887125504 201768973609670 208181359782390 212064010219201
-205415400882650 -210346023338941 -209693188309956 -207309481465123 -216818539052414
-155877248108306 -158273839859305 -169861661621701 -166219529353866 -171734267360923
-26560077722683 -10071698271038 -31937376773278 -25065429100500 -18532783844481
-4174708160894 -12236361779369 -1705101968941 -22449794008807 -25945897388337
10544144666715 2796023663914 10956461524795 -408021939101 -425201809673
-182884002407520 -165987601060573 -175415054280672 -165502269759933 -152711857153025
2800318633799 7636451811298 3431678828552 -1894080617531 -15912853871261
-98466420192324 -73929272030246 -77618648935906 -85620173006958 -61675730333654
-95782065705358 -124459562338580 -110200270912800 -99505802350189 -96769908183377
113872467945582 128745939690582 135020886911496 120314918890543 137602162253900
162517267509763 171132971907087 164733470632018 162036231170120 161787123067953
-88828513648735 -107236743479509 -93282394734216 -78134045080206 -98109937975747
-151646705300079 -151775554316094 -149409027336365 -156014687036569 -145912923958512
24721831718528 43048457173122 36399847798222 29338921564590 29837137771459
143683835906059 140844862525557 152046137233153 146028888053358 134264972625101
-37632503415372 -26152055831794 -43752831813889 -34527242059584 -23652384868373
-4604204907999 -3852585631334 -14675903220065 6979321888356 1005022379652
-8654359068678 -26336739426197 -40557376146474 -14297946097364 -17330193010100
-52475910455400 -63952063071459 -43791486581493 -53253299533909 -53751515741755
21981642652956 20504173902714 37306085962766 10934986766680 30142080512799
9822590240965 -3186865702375 -14435385046707 3702261838333 -6442450917685
28419798626665 28342489215673 21985937617461 36764920086296 38439957325122
-115109418491832 -134303627342482 -124300648509009 -139745350907005 -131215545852505
-114383569033196 -111729279241259 -105226698757187 -124408022704367 -124807454660496
123750892700860 114744346286129 121049358271004 115753663599381 106974750446755
36318243428851 43495133782833 26555782768054 42855183653751 23828478532944
-23991687341080 -46493021005130 -35669703419965 -44087839314934 -41394894825056
9530532452251 6176162998393 -5914169944780 4763118753932 7352984032245
67065914315121 60709362714049 72662256701530 72627896962072 70394513967462
-64493228903869 -68478958552683 -76725295760626 -84293028134833 -70265664947521
21779779176813 27062588951004 13610751382174 21036749836632 9002251477129
66812511254227 70428873720355 79156247263838 69625714833574 76841259892094
24240795431509 35970351118301 19507741470930 27049704043206 22784801519331
62319975459267 63097364539262 72696616448034 83021717828991 62328565393299
-41880226090777 -43198781047320 -46213848092098 -44968307581154 -46591805215386
47923245083651 46974057309093 59639915866197 35708358091786 52398601003100
7181185334089 7541962582923 10097468123754 13632226207244 8001524082802
53992033874593 52493090292238 70523362997870 66370129625669 48777943580149
-32942399153798 -50182397882344 -41042707473976 -37271726186704 -47790101095357
33139967644605 27582279965396 17149804406120 15620796047172 29403346099627
-32903744461398 -15951508542970 -24846385817665 -31434865650234 -19095424606206
-31520764981201 -30142080475652 -23016729728562 -28441273425619 -35055523062812
-27290222205461 -15221364103732 -20005957669011 -27393301422482 -31202937412498
-3642132256795 4252017632881 -8924942031814 10625749098936 -9354438762415
-8031588835750 -14229226646924 -28084791142699 -26070451480654 -23454816396312
-4032974298391 25447681223144 12476879987255 17845589109543 5287104734480
-27135603371952 -30640296687711 -22028887259093 -22192096016810 -35643933586000
11038065942812 11334418689481 22750441762765 16677358004393 8877697393572
6124623366426 9096740733535 14452564953800 -2701534428618 16385300237466
-17428977281319 -5686536696084 -22664542417183 2903397894787 -8405250996142
-24232205482269 -20839181320390 -23274427777699 -18013092841540 -9122510539847
-18592913419489 -18687402701326 -9337258899891 -25709674233775 -9315784060663
-21754009353514 -5931349828750 -23875723195068 -23360327117912 -11763915419303
19456201849638 14920716388238 25099788881317 30807800414116 9397388444277
13112535155229 -3912715206709 6511170419524 20976620272952 -5373004087633
-15006615739234 -10840497462449 -8104603295567 -10174777529319 -10780367920308
-7932804601725 -6420976111764 -12652973658969 -13280038884354 3500398340714
8370891264840 14933601292436 15397457760257 21646635174758 3745211483217
-8826157791704 -8619999361798 1537598295530 2302102476044 399431962241
-27109833569466 -26603027430231 -24769076393029 -27539330298970 -36232344107383
-25769803773585 -26723286512456 -35519379536825 -24004572215139 -31744103283356
0 0 0 0 0
0 0 0 0 0
0 0 0 0 0
0 0 0 0 0
0 0 0 0 0
0 0 0 0 0
0 0 0 0 0
0 0 0 0 0
0 0 0 0 0
0 0 0 0 0
0 0 0 0 0
0 0 0 0 0
